-11.1130 0.8934 10 	Y150A_F19M_F85N_W57K 
-13.8130 0.1093 10 	Y150I_F85A 
-13.5470 1.8864 10 	F85G_W57P 
-12.3200 0.2529 10 	Y150D_W57F_F85Y_F19Y 
-12.9540 0.5663 10 	Y150P_F85L 
-13.2340 1.1620 10 	W57G_F85C_F19G_Y150W 
-14.0690 0.5000 10 	F19A_W57F_F85E_Y150F 
-11.2080 0.6309 10 	Y150G_W57G_F85K 
-12.4180 0.7731 10 	F19C_Y150M_F85K_W57M 
-13.1590 1.7182 10 	W57E_Y150I 
-11.6470 0.8630 10 	Y150R_F19K_F85C_W57E 
-11.2370 1.2782 10 	F19A_W57Q_Y150E 
-12.4570 0.2175 10 	Y150S_W57F 
-12.3420 2.0791 10 	Y150I_F19L_W57Q 
-12.9250 0.2709 10 	F85G_Y150T 
-11.7510 0.3557 10 	F19G_F85S_Y150R 
-10.8140 1.2923 10 	F85D_W57C_Y150A 
-13.2740 0.5701 10 	F85E_F19K 
-12.7810 0.2659 10 	F85P_Y150E_W57F_F19H 
-13.6800 0.4008 10 	F19L_Y150I_F85Y 
-11.9420 0.2718 10 	F19P_Y150A_W57Y 
-14.4220 0.5302 10 	F85V_W57F_F19A 
-11.4300 1.7337 10 	F85I_F19V_W57I_Y150N 
-12.2220 0.5281 10 	Y150M_W57R_F19D_F85T 
-13.4930 1.4782 10 	F19N_W57V_F85L 
-11.1860 0.2543 10 	Y150S_F85T_F19G 
-13.2290 0.5610 10 	F19V_W57Y_Y150M_F85M 
-11.1970 2.6095 10 	W57E_Y150P_F85Y 
-13.3680 1.1446 10 	W57P_F85S_F19L 
-12.5250 0.2213 10 	Y150M_F85Q_F19E 
-11.1500 0.1443 10 	F85R_F19H_Y150C 
-13.3500 1.3642 10 	W57Q_Y150I_F85A 
-13.8730 0.7876 10 	F85Q_W57E_F19I_Y150F 
-10.9960 0.7842 10 	F85D_Y150C_F19K_W57I 
-10.7640 1.0931 10 	W57C_F19I_Y150M_F85R 
-14.6370 0.1783 10 	W57F_F19P_F85V 
-11.3960 0.7876 10 	F85H_Y150E_F19C_W57S 
-14.8160 0.2138 10 	F85E_Y150W 
-12.1980 0.3901 10 	Y150L_W57N_F19A 
-12.8780 0.9107 10 	W57V_F85R 
-11.5770 0.8391 10 	Y150C_W57N_F85H_F19R 
-13.5190 0.3862 10 	Y150M 
-11.5610 0.1760 10 	F19H_Y150G_F85S 
-14.1300 1.2360 10 	W57G_F19N 
-11.8670 0.2949 10 	F19G_Y150K 
-11.1260 0.8941 10 	F85G_W57V_F19E_Y150N 
-11.3940 0.4383 10 	F85G_F19P_W57H_Y150S 
-10.7720 1.8031 10 	F85A_W57K_Y150P_F19N 
-12.4560 1.6372 10 	F19Y_F85Y_W57A_Y150M 
-11.5690 1.0319 10 	Y150E_F19I_W57Q_F85Y 
-11.1100 1.2888 10 	Y150W_W57M_F85W 
-13.5990 0.5555 10 	F85G_F19R 
-11.5260 1.4074 10 	Y150P_W57P 
-12.9840 1.0226 10 	F85N_W57T_F19I_Y150H 
-12.2150 0.2419 10 	Y150T_F85K_F19R 
-12.3450 0.2111 10 	Y150E_F19Q 
-10.8240 0.8913 10 	W57T_Y150D_F19S_F85H 
-11.2750 1.7903 10 	W57C_F19N_Y150K_F85G 
-14.3650 1.0174 10 	W57N_Y150F_F85E 
-13.8040 0.1292 10 	Y150H_F85D 
-12.8860 0.2894 10 	F19M_F85R_Y150I 
-11.4190 1.0569 10 	F19Q_Y150V_W57A_F85A 
-9.8370 0.6928 10 	F85R_W57N_Y150S 
-14.0690 0.4368 10 	W57H_F19Q 
-12.7870 2.6867 10 	F19W_W57E_Y150I_F85P 
-12.6730 1.4486 10 	W57I_Y150H 
-12.6320 0.5326 10 	Y150N_W57Y 
-12.9730 1.1686 10 	Y150K_F19L_F85P_W57L 
-11.8930 0.7274 10 	F85N_Y150C_W57L 
-10.9040 0.7974 10 	W57C_F19W_F85W_Y150C 
-11.0420 1.4029 10 	F85V_Y150T_W57E_F19G 
-11.6150 1.4035 10 	F19R_W57A_Y150K_F85E 
-12.2600 1.1507 10 	Y150A_F19P_W57P_F85V 
-10.4750 1.7172 10 	F85S_Y150V_F19T_W57N 
-13.4540 0.2558 10 	F19D_F85P 
-11.7280 0.8745 10 	Y150M_F85V_F19G_W57S 
-10.7390 1.4666 10 	F19A_F85D_Y150V_W57D 
-10.3060 0.9348 10 	W57T_F19Y_Y150D_F85P 
-13.6700 0.5433 10 	F85D_F19Q_W57K 
-14.1830 0.2001 10 	F85L_W57Y_Y150I 
-14.2850 0.2529 10 	F85Q_Y150W_F19Q 
-11.0480 1.7835 10 	F19K_W57N_Y150R_F85Y 
-10.6480 2.0418 10 	W57P_F85V_Y150P_F19R 
-13.3020 1.4028 10 	F19G_W57N_F85I 
-13.5560 0.7592 10 	Y150M_F19W 
-12.2360 0.2427 10 	W57Y_F85E_Y150D 
-12.4100 0.4982 10 	F19L_F85W 
-11.6290 0.7965 10 	W57R_Y150N 
-13.5730 1.3183 10 	W57K_F85G 
-10.4860 1.7209 10 	Y150N_W57E_F85A_F19H 
-11.7800 0.4843 10 	F19A_Y150K_W57T 
-13.9760 1.2598 10 	W57E_F85L 
-11.9480 1.1770 10 	Y150T_F19M_W57G_F85L 
-12.5790 1.7733 10 	W57D_F19G_F85R 
-12.9340 1.8645 10 	F85A_Y150H_W57T 
-11.0470 0.9421 10 	F19P_Y150R_F85C_W57N 
-12.9570 1.1930 10 	F85I_W57M_Y150M 
-11.3980 1.0347 10 	Y150N_F19M_W57V 
-12.9820 1.3679 10 	F19H_W57T_Y150F_F85T 
-11.0090 1.9209 10 	Y150V_W57R 
-13.4430 0.3760 10 	Y150M_F85C 
-13.9820 0.7037 10 	F85I_W57A_F19Y 
-12.8730 0.2095 10 	Y150H_F19S_F85H 
-9.8300 2.4204 10 	W57I_F85E_Y150N_F19C 
-13.3930 0.3873 10 	F19G_F85Y 
-11.2960 1.5742 10 	Y150E_F19N_W57G_F85E 
-13.6800 1.0890 10 	F19M_W57Q 
-12.8220 0.6013 10 	F85S_W57H_Y150T 
-13.7770 0.5855 10 	Y150F_F85G_W57E_F19G 
-12.2620 0.2323 10 	Y150D_F85P 
-11.3920 0.6962 10 	W57Y_Y150S_F85W 
-13.7240 0.3172 10 	F19H_F85E 
-12.6500 0.3674 10 	W57I_F85K_F19R_Y150M 
-12.6930 0.3470 10 	Y150M_F85S_F19T 
-10.7800 1.1693 10 	F85E_Y150S_W57T_F19T 
-12.4710 1.5650 10 	F85V_W57T_Y150H_F19R 
-14.1950 0.6799 10 	W57L_F85S 
-10.7960 1.6923 10 	Y150P_W57S_F85K_F19A 
-12.7770 2.7692 10 	F85M_Y150W_W57E 
-11.1740 0.7510 10 	F19G_F85M_W57G_Y150K 
-11.8800 0.7433 10 	W57R_F85E_Y150T_F19L 
-11.2900 0.9117 10 	W57Q_Y150S_F19G_F85P 
-10.5700 1.4026 10 	Y150A_F19I_W57I_F85M 
-11.5620 1.5355 10 	W57M_Y150T_F85E 
-10.7520 1.0847 10 	F19G_F85A_Y150S_W57Q 
-11.7860 1.0344 10 	W57G_Y150C_F85R_F19N 
-14.9760 0.2651 10 	W57F_F85K 
-12.8010 0.9447 10 	F19N_Y150L_W57I_F85I 
-12.5510 0.4934 10 	Y150R_F85D 
-13.3360 0.7653 10 	F19V_W57L 
-12.4110 0.4208 10 	F19I_Y150C 
-11.5850 1.2591 10 	F19M_W57A_Y150T_F85L 
-12.7020 1.5049 10 	W57S_F85N_Y150H 
-14.3930 0.8342 10 	F19T_W57L_F85V_Y150F 
-11.5240 1.0268 10 	W57N_F85I_Y150S_F19M 
-13.8120 1.5750 10 	F19L_F85G_W57I 
-13.3080 0.7368 10 	F85P_F19N_W57C 
-13.0540 0.4577 10 	Y150L_F85N_W57V 
-11.4700 1.3635 10 	F85C_F19Q_W57C_Y150E 
-12.9370 0.4915 10 	W57Y_F19C_Y150M 
-12.4400 0.9760 10 	Y150L_F19M_W57C 
-12.2260 1.4585 10 	Y150W_W57E_F19M_F85V 
-13.3800 0.2399 10 	F19D_F85M 
-13.3100 1.8766 10 	F85I_W57A_Y150H_F19H 
-14.1380 0.4650 10 	F19V_W57H 
-11.2870 1.1737 10 	Y150C_W57M 
-10.6720 1.8524 10 	Y150V_F19T_W57T_F85D 
-13.2220 0.2648 10 	F85A_F19G 
-13.2120 1.0324 10 	F19S_W57M 
-12.8830 0.5903 10 	F19Y_Y150P_F85V 
-12.7460 0.2979 10 	F19T_W57F_Y150Q 
-12.5270 0.6796 10 	W57I_F19E_Y150I_F85L 
-10.7910 1.0241 10 	F19M_F85L_W57G_Y150C 
-12.6030 2.3773 10 	Y150W_F19M_W57T 
-13.7140 1.6898 10 	W57A_F85T_Y150W 
-12.2490 0.2580 10 	F19Q_Y150V 
-11.5530 1.6946 10 	W57G_Y150Q_F85G 
-12.8340 1.9086 10 	F85H_W57P 
-12.1430 0.2063 10 	F19P_F85Y_Y150K 
-13.1930 0.4047 10 	Y150V_W57F 
-12.9840 0.2446 10 	F19R_W57N_F85R 
-14.8300 0.5510 10 	W57Y_Y150F_F19I 
-10.2890 0.9679 10 	W57T_F19P_F85P_Y150D 
-12.2380 0.5957 10 	F85R_F19P_Y150L 
-11.8840 0.2591 10 	F19G_Y150V_F85G 
-11.9630 1.0580 10 	F19G_Y150P_W57F 
-10.4260 1.6763 10 	F19V_F85N_Y150P_W57K 
-12.2670 0.5582 10 	F19K_Y150P_F85G 
-14.1110 0.4289 10 	W57Y_F19K 
-12.2260 0.3756 10 	F19E_F85V_W57F_Y150C 
-12.2810 2.0109 10 	W57A_F19I_F85P_Y150W 
-14.9000 0.4100 10 	Y150F 
-13.8420 0.4915 10 	Y150I_F85C 
-11.9250 0.1806 10 	Y150K_F85R_F19N 
-12.6340 0.4490 10 	F85C_Y150C_W57F 
-11.3940 1.1114 10 	F19L_W57L_Y150C 
-14.3670 0.5771 10 	F85G_W57F_F19E 
-13.4010 0.2860 10 	F85L_F19D 
-13.6540 1.5333 10 	F19A_W57S_F85P 
-13.1610 1.7567 10 	F19A_W57G 
-11.5780 0.9952 10 	W57G_F85R_Y150G 
-11.2840 1.5724 10 	F85L_W57G_Y150P_F19K 
-11.5660 1.1431 10 	W57L_F19K_Y150K 
-13.1380 0.5385 10 	W57Y_Y150Q 
-10.4720 1.8484 10 	W57S_F85T_Y150D 
-12.0350 1.1621 10 	W57K_Y150P_F85M 
-11.5930 2.0133 10 	F19V_Y150E_W57A_F85I 
-13.4400 0.2901 10 	W57H_F85L_F19D_Y150H 
-11.4160 1.2789 10 	F85P_W57A_Y150K 
-12.4500 1.3896 10 	W57M_F19G_F85N 
-11.2140 1.7786 10 	Y150C_F19P_W57G_F85P 
-12.6830 0.8988 10 	Y150P_F85Y 
-13.8200 0.5289 10 	W57H_F85M_F19A 
-12.5610 0.8465 10 	F19E_Y150I_W57V_F85S 
-12.8500 1.0107 10 	Y150H_F19V_F85G_W57S 
-11.0910 0.2348 10 	F19C_Y150D_F85Q 
-12.8360 1.6570 10 	W57I_Y150W_F85D 
-10.3320 1.6408 10 	Y150P_F19V_F85H_W57D 
-11.9070 1.2767 10 	W57P_Y150M 
-13.0000 1.0703 10 	F19M_W57K 
-14.1260 0.6900 10 	W57V_F19P 
-14.3260 0.3482 10 	F85E_W57H_F19D 
-11.5600 0.9717 10 	Y150S_F85S_W57I_F19I 
-14.0340 0.3895 10 	F85V_F19Y_Y150I 
-11.1580 0.2853 10 	F85W_Y150S_F19W 
-12.7680 0.3951 10 	F85S_Y150Q 
-11.4290 1.1617 10 	F19G_F85W_Y150E_W57D 
-11.0970 0.8599 10 	W57M_Y150R_F19E 
-12.6770 0.4040 10 	F85Q_Y150E 
-12.8480 0.1640 10 	F19S_Y150I_F85E 
-12.2530 1.1884 10 	W57H_F19C_Y150M_F85S 
-11.6520 1.0609 10 	W57D_F85L_Y150G 
-12.7170 1.9829 10 	W57A_F85G 
-10.9630 2.4592 10 	W57T_Y150V 
-11.2920 1.0876 10 	F19K_W57Q_Y150E 
-10.9600 0.7502 10 	F85N_F19T_Y150S_W57T 
-12.2550 0.3088 10 	F85L_F19V_Y150T 
-11.7640 0.5658 10 	W57H_Y150S_F85D_F19H 
-11.9110 1.8449 10 	W57C_F19P 
-11.5220 0.8204 10 	Y150K_F85R 
-11.5960 1.1258 10 	W57H_Y150D_F19Y 
-12.2040 1.5001 10 	F19P_Y150L_W57I_F85R 
-11.0020 0.8973 10 	F19T_W57E_F85L_Y150N 
-13.3690 2.0573 10 	W57E_F19V_Y150W_F85D 
-11.3240 0.1131 10 	F19T_Y150D_F85E 
-11.2410 0.7071 10 	Y150C_W57R_F85E_F19R 
-11.0860 1.0454 10 	W57T_F85E_F19D_Y150Q 
-11.3490 0.6822 10 	W57L_F85M_Y150S_F19C 
-12.6350 0.3238 10 	F85C_Y150T_F19Q_W57F 
-12.6190 0.8586 10 	F19I_F85S_W57P_Y150M 
-12.1550 0.3379 10 	F19M_Y150C 
-13.3510 0.2029 10 	Y150I_F19H_F85Q 
-12.1670 0.2833 10 	Y150G_W57Y_F19Q_F85H 
-13.0500 1.5977 10 	F85W_W57Y_F19I 
-13.2320 1.1761 10 	W57S_F19Q_F85R 
-10.8350 1.0685 10 	F19G_W57C_Y150N 
-13.2430 0.1451 10 	F85K_F19C 
-14.1120 0.5049 10 	F19V_W57H_F85Q 
-12.5770 0.3667 10 	Y150R_F19I 
-11.2980 0.2277 10 	F19P_Y150D_F85I 
-13.5620 0.8506 10 	Y150H_W57H 
-10.4920 1.8407 10 	F19Y_Y150V_W57D 
-12.7930 0.2537 10 	Y150N_F85V_W57F 
-13.3280 1.1878 10 	W57L_F19E_F85D_Y150H 
-13.2680 0.4739 10 	F19A_Y150L_F85P_W57F 
-11.0330 0.9783 10 	F85E_Y150G_W57K_F19H 
-11.2010 2.2845 10 	F19R_W57D_Y150M_F85H 
-10.7430 0.8961 10 	Y150C_F19E_F85T_W57C 
-10.3740 1.5410 10 	Y150S_W57S 
-12.7490 0.8000 10 	Y150P_F85L_W57Y 
-12.5690 2.1097 10 	F85C_W57P_F19E_Y150W 
-12.5770 0.3667 10 	F19I_Y150R 
-11.6100 1.5481 10 	F85I_W57L_Y150V_F19M 
-12.0350 0.3285 10 	Y150G_F19M 
-11.3270 0.9410 10 	F85L_F19K_Y150R_W57R 
-10.6250 0.9717 10 	F85W_F19S_Y150C 
-12.2170 0.9175 10 	F85R_F19P_Y150F_W57K 
-12.8230 0.2067 10 	F85C_W57F_F19H_Y150Q 
-10.6360 1.4532 10 	Y150A_F19C_F85K_W57S 
-10.2290 1.7971 10 	F85V_W57E_Y150P 
-11.0490 1.9458 10 	W57D_F85K_Y150L 
-9.8580 1.5662 10 	W57T_F19N_Y150V 
-11.9850 0.2878 10 	F19D_F85E_Y150R 
-11.4920 2.0699 10 	Y150N_F19I_W57E_F85G 
-12.1210 0.9464 10 	W57V_Y150K 
-11.5250 0.4826 10 	Y150E_F19G_F85V_W57D 
-13.5960 2.0476 10 	W57C_F85L 
-12.7400 1.1899 10 	W57R_F19R_Y150I_F85H 
-12.2100 0.8978 10 	F19Y_Y150N_F85D 
-11.8020 1.1127 10 	Y150S_W57A_F85Q 
-12.7260 1.6272 10 	W57A_Y150H_F85R 
-12.0720 0.4496 10 	Y150S_W57Y_F85Q 
-11.4940 1.4971 10 	F19R_W57D_Y150W_F85W 
-11.2850 1.9721 10 	Y150E_F85E_W57V 
-13.5330 0.3233 10 	F85V_Y150L 
-11.0640 0.9618 10 	Y150N_F85R_F19N 
-12.9040 0.3397 10 	W57F_Y150T_F19M 
-10.7900 1.7124 10 	W57I_Y150N 
-11.2690 1.2822 10 	F19L_W57P_Y150A 
-13.0890 0.2168 10 	Y150K_F85A_W57H 
-11.5950 1.0237 10 	Y150R_W57I 
-13.1670 0.1163 10 	F85L_Y150I_F19R 
-12.2320 0.3646 10 	Y150V_F19H 
-12.0440 0.3307 10 	F85T_F19R_Y150K 
-14.6190 0.4594 10 	W57H_Y150F 
-13.5950 1.4736 10 	F19R_F85D_Y150W_W57Q 
-13.6970 0.9965 10 	W57R_F85L 
-12.5230 0.2607 10 	F85Y_F19K_Y150M 
-12.0940 1.3571 10 	Y150M_F19N_W57G 
-11.5280 1.0796 10 	F85L_Y150A_W57I_F19W 
-13.5610 0.3512 10 	F85S_Y150I_F19A_W57Y 
-14.1060 0.4539 10 	F19L_F85K 
-11.6090 0.8753 10 	W57L_Y150G 
-11.5470 1.3718 10 	Y150K_W57G 
-12.4180 1.1950 10 	W57Q_F85E_Y150M 
-13.0620 1.0136 10 	F19G_F85Y_W57S_Y150W 
-12.9790 0.2761 10 	F19C_Y150I 
-12.3420 1.8084 10 	Y150W_F85A_F19E_W57T 
-11.2650 0.9577 10 	F85I_F19G_Y150Q_W57M 
-11.3940 0.2666 10 	F19K_F85L_Y150Q_W57V 
-13.6860 1.0636 10 	F19H_W57P 
-12.2970 1.0282 10 	W57F_Y150N 
-12.7600 0.4145 10 	F19Y_Y150T 
-13.1540 0.9957 10 	W57L_F19M_F85R 
-11.3480 0.7261 10 	F85W_W57L_Y150T_F19I 
-12.0790 1.2525 10 	F19M_F85H_Y150C_W57P 
-11.5380 0.9701 10 	W57K_F85M_Y150Q 
-12.2000 0.3121 10 	F19C_F85V_Y150K 
-12.9900 0.8488 10 	W57D_F85G_F19E 
-10.8140 0.9964 10 	Y150D_F19G_W57V_F85T 
-12.0530 0.1607 10 	F19C_Y150T_F85G 
-11.5270 1.2068 10 	W57E_F85N_F19I_Y150N 
-13.6950 1.1083 10 	F19Y_W57V_F85N 
-12.6410 1.7216 10 	Y150I_W57H_F19Q_F85Y 
-11.4720 2.0183 10 	W57P_Y150P_F19Y_F85G 
-12.4890 3.0610 10 	W57D_Y150W 
-12.8820 0.9352 10 	W57Q_F85S_F19V_Y150I 
-10.1750 1.2233 10 	F85K_W57G_F19L_Y150G 
-9.3110 1.4809 10 	W57T_F19K_Y150D 
-13.1090 1.6364 10 	F19E_F85C_W57G 
-12.8370 1.0795 10 	F85D_F19M_W57E_Y150I 
-13.3600 0.1268 10 	F85D_F19S 
-12.6500 0.7667 10 	Y150L_W57M 
-13.7210 0.5104 10 	Y150F_F19M_F85Q 
-11.9630 1.2714 10 	W57P_Y150P_F85D 
-12.3660 0.1529 10 	Y150T_F85T_F19H 
-12.9530 0.7237 10 	Y150M_F19R_W57V 
-10.5340 0.8312 10 	Y150S_W57N_F19N 
-11.3480 1.1242 10 	F19G_F85T_Y150A_W57Q 
-9.7130 1.6448 10 	W57T_F85Y_Y150V_F19L 
-12.3070 0.2823 10 	Y150K_F85P_F19C 
-13.3310 0.2239 10 	Y150V_F85H_F19W 
-13.3800 0.7183 10 	W57M_F85N_F19S 
-12.2180 2.8151 10 	F19A_W57N 
-10.9410 1.6277 10 	Y150V_W57A_F85V_F19P 
-11.5500 1.0974 10 	Y150G_W57Q_F85I 
-12.1430 0.2685 10 	Y150E_F19N_F85D 
-12.4880 1.1806 10 	F85K_Y150H_W57C 
-13.2280 0.2437 10 	W57V_Y150I_F85L_F19V 
-10.4630 1.3049 10 	F19N_F85K_W57R_Y150V 
-13.1430 1.0060 10 	W57M_F19S_F85G 
-13.2550 1.1658 10 	W57R_F19H_F85A 
-13.3840 0.5679 10 	F19W_F85K 
-12.1280 0.2370 10 	Y150S_F19I 
-12.8350 0.9390 10 	F85Q_F19Q_W57R 
-13.9380 0.4839 10 	W57L_F19Y_F85C 
-11.6060 1.8277 10 	W57E_F85Q_Y150K 
-12.9450 1.2767 10 	W57Y_Y150K_F19I_F85L 
-11.2350 1.4418 10 	W57A_F19T_F85S_Y150S 
-12.5130 0.7050 10 	W57P_F19C_Y150L_F85M 
-14.0910 1.4483 10 	F85L_W57G 
-13.7590 1.1029 10 	Y150I_F19I_F85H 
-13.4550 0.2107 10 	F19R_F85N 
-12.3980 0.3027 10 	Y150C_F85H 
-13.6720 1.4094 10 	Y150H_F19W_W57Q 
-11.5400 0.7168 10 	F85E_F19L_W57I_Y150A 
-12.1350 0.2544 10 	F19T_Y150T 
-11.8820 0.5538 10 	F85H_Y150N_F19I_W57K 
-10.4660 1.9587 10 	W57R_Y150P 
-11.7680 0.2470 10 	F85K_F19T_Y150C 
-12.4820 1.3951 10 	F19A_Y150H_F85N 
-12.9790 1.7683 10 	F85Q_W57S 
-12.4480 1.1660 10 	F85R_W57E 
-13.5570 0.5378 10 	F85Y_Y150M 
-13.1720 2.8292 10 	Y150F_W57V_F85I_F19Y 
-13.8750 0.3311 10 	F19T_F85I 
-10.6890 1.0319 10 	F85A_Y150S_W57M_F19I 
-13.4110 0.6045 10 	F19T_W57R_F85A 
-12.9260 0.8050 10 	Y150I_F19I_W57N_F85E 
-12.7960 0.2619 10 	F85N_F19Q_Y150L 
-14.7000 0.3657 10 	Y150W_F19W 
-11.7730 0.3818 10 	F19K_F85E_Y150T 
-12.3220 0.2887 10 	Y150A_F19I 
-14.1050 0.4797 10 	W57Y_F85M_F19A 
-12.9920 2.0168 10 	F19M_F85Y_W57Q 
-14.1870 0.3325 10 	F85P 
-12.2740 1.0275 10 	Y150Q_F85Q_W57V 
-11.4310 1.6988 10 	W57C_F19R 
-12.9640 1.6230 10 	F85N_F19N_W57S_Y150F 
-11.1170 0.1844 10 	Y150D_F19N 
-13.4460 1.5477 10 	W57C_F19M 
-12.0420 1.1295 10 	F19P_Y150L_F85G_W57L 
-13.4880 0.3102 10 	F85A_F19A 
-14.2970 0.3137 10 	F19I_F85S 
-13.3830 0.2869 10 	F85K_F19K 
-12.6560 0.7655 10 	W57R_F85M_F19C 
-11.3080 0.5612 10 	F19N_Y150T_W57D_F85E 
-11.0310 0.8623 10 	F85Q_F19D_W57K_Y150N 
-14.0840 0.2182 10 	F85I_F19V 
-13.3000 0.1930 10 	F19G_F85M 
-10.4910 1.5167 10 	W57M_Y150G_F19K 
-11.7340 0.3016 10 	Y150C_F19V 
-13.3800 1.3003 10 	W57G_F85H_Y150H_F19Y 
-12.4270 1.6912 10 	W57I_F85Y_F19Q 
-13.9020 0.3049 10 	F85H_F19V 
-13.3010 0.9548 10 	F19A_F85Y_W57Q 
-11.6470 1.5685 10 	Y150E_W57P_F19M_F85R 
-12.9210 1.0180 10 	F19H_Y150H_F85P_W57R 
-12.1470 1.2795 10 	Y150L_F19Y_F85T_W57T 
-12.7470 0.5177 10 	F85M_Y150P_F19I 
-13.4990 1.2132 10 	F85G_F19Q_W57Q 
-10.6820 1.0574 10 	F19V_W57T_Y150N 
-10.6890 0.5507 10 	W57M_Y150D_F19P_F85L 
-11.2380 1.0347 10 	Y150R_W57Q_F85Q 
-12.2570 0.9064 10 	F85P_Y150E_W57E 
-11.2570 1.5282 10 	W57H_F19D_Y150G 
-10.9570 0.8835 10 	F85Q_W57R_Y150N_F19N 
-11.3470 2.4995 10 	W57N_F85T_Y150P_F19I 
-14.3210 0.3960 10 	W57I_F85V 
-13.3510 0.7461 10 	W57T_F19R_F85R 
-10.8900 0.7073 10 	F85Y_W57I_F19S_Y150D 
-11.6270 0.9265 10 	Y150E_W57M_F19G_F85C 
-13.9080 0.2856 10 	F19I_F85L 
-10.9650 0.9345 10 	F19G_Y150D_F85R_W57M 
-12.2290 1.8454 10 	W57K_F19H 
-11.0890 1.4482 10 	W57V_Y150T_F19Q 
-12.0090 1.2988 10 	W57N_Y150E_F19I 
-12.3420 2.0791 10 	F19L_Y150I_W57Q 
-11.5280 0.7950 10 	Y150N_F85W_W57Y_F19H 
-10.9390 2.5591 10 	F85C_F19Y_Y150K_W57E 
-12.6730 1.5965 10 	F85D_W57C_F19N 
-12.0500 0.2070 10 	F19L_Y150C_F85T 
-13.0630 0.8518 10 	W57M_F19P_F85Y 
-11.8720 0.9620 10 	F19L_Y150C_W57V_F85C 
-11.8480 0.8078 10 	W57F_F19E_F85D_Y150C 
-13.1000 0.9777 10 	Y150L_W57Q 
-11.6950 0.7284 10 	F19H_F85N_W57M_Y150T 
-13.6690 0.6611 10 	F19D_W57Q_F85G 
-13.4650 0.8072 10 	F19C_W57R 
-11.6010 1.5378 10 	F19N_Y150R_W57E_F85I 
-12.8030 1.0865 10 	Y150L_F19A_W57A 
-12.5290 0.7355 10 	F19V_W57I_F85R 
-13.2070 0.4592 10 	Y150H_F19V_W57H 
-12.1790 0.9734 10 	Y150E_F19M_F85T_W57N 
-11.1790 1.7277 10 	F19C_Y150L_F85W_W57E 
-12.2490 2.1139 10 	Y150W_W57N_F19V_F85M 
-12.3880 0.2817 10 	F85L_Y150R 
-11.8230 0.7675 10 	Y150D_W57H 
-14.3570 0.3071 10 	F85M_F19W_Y150I 
-11.7430 1.3202 10 	Y150Q_W57K_F85C 
-11.7760 0.5371 10 	Y150C_F85R_F19E_W57Y 
-11.7190 1.1903 10 	F85S_W57G_Y150R_F19R 
-13.7200 0.4957 10 	Y150I_F85K_W57Y 
-11.5650 0.9948 10 	Y150V_F19D_F85E_W57L 
-11.3320 1.0951 10 	F19N_Y150G_F85D_W57A 
-11.7280 1.0934 10 	W57I_F19V_F85Q_Y150Q 
-11.7110 0.8792 10 	W57P_F85Y_Y150C 
-12.4310 0.2656 10 	Y150A_F85G 
-12.8200 0.4105 10 	F85P_Y150K_W57H 
-13.6060 0.2210 10 	W57C_F19M_F85C 
-10.9040 0.7079 10 	W57N_F85R_Y150R_F19N 
-14.3300 0.5491 10 	F19L_F85N 
-12.2120 1.0726 10 	F19A_W57K 
-14.2680 0.9607 10 	F19C_Y150W 
-13.5210 0.3601 10 	F19L_F85Y_Y150H 
-11.5280 0.5818 10 	F19E_W57R_Y150R 
-12.1040 1.2892 10 	Y150Q_F19M_W57A 
-12.6920 0.2440 10 	F19W_F85A_Y150R 
-11.7650 0.9452 10 	F85G_W57N_Y150A 
-12.3460 0.2650 10 	Y150T_F19V 
-12.2380 0.4532 10 	Y150C_W57F_F19R 
-11.6410 0.8640 10 	F85P_Y150Q_F19M_W57M 
-13.8340 0.3323 10 	Y150H_F19Y 
-12.0730 0.2660 10 	F85A_W57Y_Y150V_F19G 
-12.5340 1.0717 10 	Y150I_F19M_W57K 
-13.1670 0.5412 10 	Y150H_F19N_F85N_W57H 
-12.3950 0.8860 10 	F85P_F19Q_Y150P 
-13.4020 0.2656 10 	Y150T_F19W 
-13.4050 0.6837 10 	W57V_F19W_F85E 
-11.0140 0.9694 10 	Y150N_F19D_F85D_W57Q 
-11.5480 1.8791 10 	F19Y_W57P_Y150V_F85C 
-14.4750 0.4078 10 	F85H_F19Y 
-13.7440 0.4012 10 	F19Y_W57R 
-11.6940 1.0613 10 	W57A_F85T_Y150K 
-11.5760 1.4015 10 	W57N_F19Q_Y150P 
-12.7560 0.7397 10 	F19I_Y150L_W57M 
-11.8730 1.2580 10 	W57I_Y150T 
-12.5400 0.2862 10 	F85G_F19L_W57F_Y150C 
-13.5170 0.3600 10 	F85D_F19N 
-14.0270 0.7389 10 	F85K_W57H_F19I 
-12.6350 0.3038 10 	F19E_Y150L 
-11.5590 2.0239 10 	Y150P_W57I_F85M 
-12.1940 0.3334 10 	Y150E_F85I_F19S 
-11.5100 2.0297 10 	Y150P_F85A_W57A 
-12.0290 0.4115 10 	F85M_Y150Q_F19E 
-13.8430 1.0256 10 	F19H_W57L 
-11.2450 1.0661 10 	W57N_Y150N 
-13.4130 1.6299 10 	F19R_W57G 
-12.4100 1.0450 10 	F19P_Y150M_W57S_F85E 
-13.4750 0.7838 10 	Y150I_F19L_W57M_F85P 
-12.2570 0.2451 10 	Y150A_F85S 
-11.5500 1.1494 10 	F19N_F85A_W57K_Y150E 
-12.1790 1.4301 10 	F85Y_W57N_Y150E 
-12.5190 1.5392 10 	Y150W_W57I_F19Q_F85S 
-12.6810 0.5599 10 	Y150I_F19A_W57D 
-13.2950 0.4835 10 	F19Q_F85A_W57R 
-13.1500 1.5422 10 	F19W_Y150W_F85L_W57R 
-12.5700 0.2839 10 	F19I_Y150A_F85V 
-12.5210 0.9815 10 	F85G_W57I_F19V_Y150L 
-11.3120 1.7584 10 	Y150P_F85T_W57V_F19L 
-14.2280 0.2905 10 	F19L 
-13.1510 0.4805 10 	Y150P_F85H 
-12.4460 0.2377 10 	Y150T_F19K 
-13.0440 1.4312 10 	F19S_W57D_F85D 
-12.7030 1.5887 10 	W57C_F19D_Y150W 
-11.2900 0.8542 10 	W57T_F85H_Y150S 
-14.0790 0.6245 10 	F19D_W57F_F85E 
-11.7310 0.7989 10 	F85M_W57H_F19Q_Y150R 
-13.2830 0.2585 10 	F85T_F19G 
-10.2610 0.8376 10 	F19E_Y150D_W57R_F85N 
-13.2870 1.5718 10 	F19I_F85E_W57C 
-13.3880 0.5231 10 	W57K_Y150M 
-12.5380 0.3073 10 	Y150M_F85H_F19C 
-11.8630 0.2696 10 	F85K_Y150S_F19L 
-14.2420 1.2339 10 	Y150W_F85T_F19R 
-13.2040 0.1876 10 	F85K_Y150P_F19W 
-10.7140 1.1098 10 	Y150V_W57R_F19K_F85V 
-10.3600 1.5989 10 	Y150D_F19C_W57Q 
-12.0830 0.2589 10 	F85L_W57H_Y150D 
-12.7950 0.1833 10 	F19G_F85A_Y150I 
-12.3350 1.0588 10 	F19G_W57K_Y150H 
-10.3530 1.1795 10 	Y150G_F85W_F19T_W57D 
-11.0190 1.1576 10 	W57D_Y150T_F85K_F19S 
-12.0230 3.1445 10 	Y150W_W57E_F19T 
-12.9540 2.3865 10 	Y150W_W57D_F19N 
-13.5370 0.8628 10 	F19P_W57T 
-12.7990 0.3214 10 	F19K_Y150L 
-11.1980 1.4934 10 	Y150G_F19T_W57L 
-15.2160 0.3402 10 	F85H_W57Y 
-12.5820 1.7581 10 	W57C_F85P_F19P 
-11.1080 2.4054 10 	Y150M_F19P_W57E 
-12.0070 1.4817 10 	F19K_F85R_W57R 
-9.9970 2.3465 10 	W57E_Y150A_F19R_F85Y 
-12.2600 0.4419 10 	F19R_Y150E 
-12.4840 0.8759 10 	F85T_Y150I_W57M 
-10.8960 1.6594 10 	W57C_F85S_Y150P_F19E 
-11.2470 1.4578 10 	F85M_Y150D_W57P_F19T 
-10.6210 1.3955 10 	W57E_F85W_Y150V_F19R 
-13.1330 0.7255 10 	Y150I_F19T 
-11.0540 0.5607 10 	F85W_F19M_Y150Q 
-12.0460 1.0100 10 	F85C_Y150M_F19T_W57V 
-14.2340 0.2642 10 	F19Y_F85N 
-10.6560 1.8930 10 	Y150P_F85W_W57C_F19V 
-11.3620 1.4953 10 	F19A_F85D_Y150P_W57K 
-10.4190 1.3954 10 	W57M_F85P_F19K_Y150C 
-11.5590 1.3441 10 	W57D_Y150E_F19L_F85S 
-14.6810 0.3166 10 	F19I_W57Q_F85T_Y150F 
-12.1360 0.7175 10 	F19Y_W57Q_Y150E 
-11.8770 0.5748 10 	Y150G_W57Y_F19Q 
-13.1520 1.0256 10 	F19P_W57Y_Y150H 
-10.5950 0.7876 10 	W57M_Y150N_F19C_F85T 
-13.0910 0.6250 10 	W57K_F19D_F85E_Y150F 
-13.0120 0.9015 10 	F19N_W57Q 
-12.1030 0.9635 10 	F85A_W57R_Y150K 
-13.1010 1.2132 10 	W57S_F85W_F19I 
-14.3700 0.5035 10 	W57Y_F19V_Y150F 
-10.8400 0.9957 10 	W57D_Y150E_F19G 
-13.0050 1.7062 10 	Y150H_W57G_F85Q 
-13.2790 1.0573 10 	F19S_F85D_W57C 
-11.5700 1.0094 10 	W57H_Y150S 
-12.8780 1.8247 10 	W57R_Y150F_F85N_F19M 
-11.9000 0.2477 10 	Y150Q_F19S 
-11.2070 1.0892 10 	F19C_W57M_Y150A 
-11.4340 0.8106 10 	W57M_Y150D_F19S_F85I 
-11.8220 1.2686 10 	Y150D_W57P 
-12.4290 1.5822 10 	W57D_F19G 
-11.4890 1.0733 10 	F19C_Y150Q_F85E_W57K 
-12.4420 0.2309 10 	Y150N_F85L 
-12.4920 1.4561 10 	W57N_F19S 
-11.9700 0.1918 10 	Y150N_F85T_F19M 
-11.7120 0.9898 10 	Y150P_F85T_F19T_W57Y 
-11.7520 1.1822 10 	F19H_W57G_Y150C 
-12.3950 0.4196 10 	F85E_F19R_Y150P 
-15.2250 0.3308 10 	W57F_F85C 
-11.1150 1.3374 10 	F19E_Y150A_W57A_F85N 
-11.9360 1.1050 10 	Y150M_F85W_W57G_F19S 
-11.2200 1.2005 10 	Y150V_W57C_F19R 
-11.0770 0.7688 10 	Y150G_F19S_F85W_W57L 
-13.8620 1.2511 10 	Y150F_F85D_W57G_F19Q 
-11.3840 1.0279 10 	Y150A_W57I_F85L 
-13.5660 0.5073 10 	W57E_F19A_F85P 
-11.6210 0.9337 10 	W57V_Y150D_F85E 
-11.9470 0.9895 10 	Y150Q_W57N 
-11.0230 0.5944 10 	W57Y_Y150C_F85W_F19L 
-12.9800 1.8535 10 	W57N_Y150W 
-13.6200 0.2716 10 	F19A 
-13.6750 1.4580 10 	W57T_F19M_F85H_Y150F 
-11.3760 1.8007 10 	W57G_Y150A_F19L 
-13.2760 1.2199 10 	Y150H_W57S_F85E_F19G 
-10.2660 2.1870 10 	W57N_F85C_F19A_Y150N 
-13.4000 0.5792 10 	F19A_W57H_F85W 
-11.5790 0.6911 10 	Y150N_F19K_F85A 
-13.3070 0.2679 10 	F19G_F85Q 
-11.3830 0.9553 10 	F19E_W57M_Y150E 
-12.7230 1.3393 10 	F19G_Y150H_W57P_F85N 
-11.6890 0.3566 10 	F19Q_F85H_Y150A 
-11.0840 0.8883 10 	W57K_Y150S_F19M_F85Y 
-12.1480 0.7890 10 	W57R_Y150E_F85M_F19Y 
-10.5070 1.0684 10 	W57Q_F19N_F85W_Y150V 
-13.4200 1.3504 10 	F19N_Y150W_W57Q 
-12.2690 0.6549 10 	F85M_F19Q_W57K_Y150I 
-12.4770 0.1557 10 	F19H_F85L_Y150T 
-13.0800 1.4264 10 	Y150I_F85R_W57A_F19T 
-12.6020 0.2904 10 	F19N_Y150L_F85V 
-11.4560 0.8217 10 	F85K_Y150N_W57M 
-13.0010 0.2230 10 	F19M_Y150L_F85G 
-13.5160 0.3857 10 	F85K_W57K 
-10.1150 1.5916 10 	Y150G_F85Y_F19K_W57I 
-13.6480 0.2916 10 	F19E_F85I 
-12.1550 1.7011 10 	W57S_F85P_F19G 
-13.9990 1.1256 10 	F85H_W57Q 
-12.2600 0.3076 10 	F19P_Y150Q 
-11.3890 1.3731 10 	F19P_Y150S_W57G 
-11.8860 0.8166 10 	W57I_F85L_F19T_Y150M 
-15.1740 0.5699 10 	Y150W_F19L 
-13.1610 0.2953 10 	F85R_F19C 
-10.9030 1.3797 10 	W57K_F85W_F19S_Y150V 
-12.2240 2.4335 10 	F19N_W57E_F85W 
-11.0790 0.7467 10 	F85W_Y150C_F19H_W57H 
-11.2810 2.0577 10 	Y150K_W57M_F19C 
-12.7790 1.2009 10 	Y150P_F19W_W57P 
-11.1530 1.9257 10 	Y150D_F85P_W57Q 
-11.7270 1.2982 10 	Y150S_W57A_F19R_F85P 
-13.4030 1.1323 10 	F19P_W57C_Y150W 
-13.6790 0.6430 10 	F85H_W57K_F19N 
-14.4820 0.3322 10 	F85I_W57K 
-9.7460 1.7245 10 	F19K_Y150S_W57A_F85Y 
-13.5950 0.3363 10 	F85S_F19S 
-13.7730 1.1087 10 	F85E_W57M 
-12.8920 1.4185 10 	W57H_F19K_F85C 
-12.8170 0.4500 10 	F85E_Y150T 
-13.8400 1.6332 10 	F85V_W57E 
-13.5210 0.1130 10 	F85D_F19P 
-10.8700 1.3561 10 	F19D_Y150D_F85K_W57I 
-10.6340 1.6522 10 	W57G_F85W_Y150A_F19M 
-11.9960 1.3871 10 	W57A_F85N_Y150T 
-11.8550 1.1821 10 	F85W_Y150Q_W57L_F19G 
-12.2630 0.4313 10 	Y150D_W57F_F19I 
-13.0640 2.3624 10 	F19I_W57N 
-15.3190 0.4874 10 	W57F_F85G_F19I_Y150F 
-13.3000 0.2941 10 	Y150C_F19W_F85L 
-11.5140 1.3873 10 	F19I_Y150T_W57T_F85Y 
-11.3210 1.4451 10 	W57G_F19Q_Y150T_F85Y 
-10.6760 1.7011 10 	F19N_F85G_Y150P_W57R 
-11.5380 0.6346 10 	F19A_F85M_Y150R_W57D 
-12.5280 0.2946 10 	Y150T_F19I_F85Q 
-12.7320 1.0828 10 	Y150H_W57P_F85T 
-12.2470 0.4033 10 	F19T_F85M_Y150V_W57Y 
-13.2510 0.9356 10 	Y150H_F85Q_W57I_F19G 
-14.3300 0.8563 10 	F85P_W57L 
-13.0310 1.5291 10 	F19P_W57S 
-14.4130 0.3247 10 	W57Y_F19P 
-11.5580 1.1008 10 	W57M_F19L_Y150S_F85G 
-11.0990 1.3922 10 	Y150T_W57L_F19H 
-11.4780 0.9147 10 	W57N_F19T_Y150T_F85Y 
-11.9050 1.7530 10 	Y150P_W57H 
-12.0570 1.2561 10 	Y150M_F85M_W57H_F19C 
-13.7470 0.2765 10 	F85H_Y150F_F19C 
-13.1080 1.4323 10 	Y150H_F85T_W57S 
-11.5830 1.0170 10 	F19C_W57L_Y150S 
-11.2060 0.7604 10 	F85V_W57M_Y150N_F19D 
-12.3570 0.7765 10 	F85Q_F19T_W57L_Y150L 
-11.9140 0.5720 10 	Y150R_W57V_F85E 
-12.8510 1.7697 10 	W57Y_F19R_Y150W_F85P 
-10.1680 1.3580 10 	Y150S_W57T_F85G_F19Q 
-12.7520 2.4529 10 	F19H_Y150F_W57V 
-14.5170 0.5535 10 	F19W_W57D_F85T 
-12.6440 1.7337 10 	W57D_F19V_F85K 
-14.4980 0.5900 10 	W57E_F85N 
-12.5790 1.1197 10 	W57T_F19C_F85R 
-11.0980 0.8783 10 	F19L_F85Q_W57P_Y150S 
-13.3460 1.2208 10 	W57I_F19G 
-12.7470 0.5177 10 	Y150P_F85M_F19I 
-11.8190 1.4552 10 	F85N_Y150Q_W57T 
-11.0780 0.9658 10 	Y150T_W57T_F85M_F19M 
-11.1080 1.1901 10 	F19G_Y150T_W57Q_F85Q 
-12.0050 2.3467 10 	W57K_Y150P_F85C 
-12.7100 0.3140 10 	F85H_Y150M_W57Y_F19S 
-12.6200 0.9259 10 	W57Q_Y150M_F19G_F85S 
-11.6140 0.9676 10 	W57T_F19V_Y150K_F85G 
-13.3800 1.5265 10 	F85P_F19G_Y150I_W57A 
-11.7790 0.9296 10 	F19A_W57Y_F85L_Y150W 
-10.5750 1.3226 10 	W57Q_F85Y_Y150S_F19L 
-11.2190 0.2641 10 	Y150D_F19D_F85E 
-14.7380 0.4778 10 	F85T_W57H 
-12.2970 0.4948 10 	F19T_Y150P 
-12.9950 0.8278 10 	Y150M_F85Q_W57G 
-13.9430 0.5609 10 	F19W_W57L_Y150H_F85D 
-13.9090 0.6631 10 	W57L_F85V 
-13.0220 0.2400 10 	F19A_Y150I 
-14.7630 0.2881 10 	W57Y_F19L 
-11.4840 1.5975 10 	W57S_F19R_F85P_Y150G 
-12.0810 1.4141 10 	W57V_Y150W_F19G 
-13.2990 1.5272 10 	W57E_F85L_F19W 
-12.1980 0.4250 10 	F19T_F85E_Y150T_W57F 
-12.1650 1.6465 10 	F85H_F19S_Y150I_W57M 
-12.1170 0.1094 10 	Y150D_F85N 
-10.5840 0.7511 10 	W57K_Y150A_F85R_F19Q 
-11.1250 1.8533 10 	F19E_Y150V_W57A_F85D 
-10.5810 1.0202 10 	Y150D_W57M_F85K_F19I 
-13.4440 1.8438 10 	F85P_F19R_W57G 
-12.2540 1.4018 10 	F85R_W57S_Y150L_F19P 
-10.8310 0.6652 10 	W57T_Y150Q_F85R_F19R 
-11.8840 1.1976 10 	F19Y_Y150V_F85H_W57V 
-12.7240 1.8802 10 	F19I_W57C_F85Y 
-11.1990 1.7395 10 	W57P_F19S_Y150C 
-13.1780 0.4670 10 	Y150M_F85Q 
-11.9370 0.8147 10 	Y150R_W57M 
-12.9900 1.6213 10 	F19K_W57I_F85P 
-10.9090 1.3453 10 	Y150V_W57N_F85T_F19P 
-12.8160 1.5914 10 	W57K_F19W_Y150M 
-13.9180 0.4409 10 	F85Y_W57F_F19H_Y150H 
-12.8980 0.3525 10 	F85Y_Y150E 
-11.1740 1.2590 10 	W57G_Y150N_F85W_F19I 
-11.2860 0.9003 10 	F85K_F19S_W57G_Y150V 
-13.1580 0.3175 10 	F19L_F85S_Y150L 
-14.0630 0.6023 10 	Y150I_F85N_F19M_W57F 
-11.1570 0.9735 10 	Y150K_F19S_W57D 
-13.1110 2.3807 10 	F85S_Y150L_F19W 
-12.7900 0.4786 10 	W57F_Y150V_F19L 
-11.8540 0.6674 10 	W57C_Y150Q_F85Q 
-11.1940 1.5779 10 	F19K_W57A_Y150C 
-12.5190 1.2614 10 	W57R_F85R_F19C 
-13.3310 0.7836 10 	W57C_F19R_F85N 
-13.3020 1.1976 10 	F85D_F19N_W57S 
-11.4730 0.2487 10 	F19V_F85T_Y150G 
-12.7010 1.6082 10 	F85K_W57G 
-12.4360 0.2134 10 	Y150A_F19Y_F85K_W57Y 
-12.7150 0.4292 10 	W57K_Y150E_F19M_F85I 
-11.0810 0.8911 10 	F19H_F85W_Y150V_W57Y 
-13.3460 0.7108 10 	W57V_F85P_Y150H_F19A 
-13.7510 1.5377 10 	W57E_F85C 
-11.0870 1.0323 10 	F85K_W57A_F19Y_Y150C 
-13.1790 2.2154 10 	F85P_W57R_Y150W 
-11.1110 0.9711 10 	Y150G_W57T 
-10.6760 1.2212 10 	F19G_W57P_Y150C_F85W 
-12.2760 0.9035 10 	Y150I_W57C_F19N 
-13.1110 1.2332 10 	F19P_F85Y_Y150W_W57T 
-10.7970 1.4409 10 	Y150S_W57T 
-10.9810 0.8418 10 	Y150D_F85D_F19S_W57N 
-12.3890 0.1279 10 	F85M_Y150C 
-11.7440 1.2383 10 	F19L_Y150T_W57I 
-10.3980 0.8950 10 	F85M_W57K_F19A_Y150N 
-11.9290 1.2913 10 	Y150I_W57S_F19C 
-13.4650 0.7627 10 	F19C_W57C_F85C_Y150F 
-13.6680 0.6524 10 	F85M_F19L 
-10.1640 1.5711 10 	W57T_F85T_Y150P 
-14.5980 0.2872 10 	F85L_F19Y 
-13.0670 0.4892 10 	F85K_F19W_W57E 
-11.6140 1.9464 10 	F85E_F19L_W57P_Y150V 
-10.9800 1.8510 10 	F85P_Y150V_W57G_F19A 
-14.0450 0.4082 10 	F19W_F85S 
-13.1650 0.2795 10 	F85R_F19T_Y150I 
-12.2850 1.5845 10 	F19R_W57T 
-14.2930 0.9830 10 	F85H_W57D 
-13.2010 1.9928 10 	W57G_F19C 
-12.4640 0.8531 10 	W57H_Y150R 
-11.0600 1.3479 10 	F85M_W57K_Y150V_F19R 
-11.2980 1.3186 10 	Y150N_W57S_F85T 
-12.2420 0.1849 10 	F19P_Y150Q_F85G 
-14.1320 0.8318 10 	Y150F_F85H_W57E 
-13.5430 0.8112 10 	F85T_W57C 
-11.7850 2.4064 10 	W57M_Y150H_F19T_F85L 
-13.9350 1.2857 10 	F85D_W57T 
-13.7550 1.0566 10 	F19T_Y150W_F85L_W57Q 
-11.7400 1.6440 10 	Y150K_W57Q 
-10.9110 0.9864 10 	W57E_Y150G_F19R 
-10.3520 0.8532 10 	W57E_F85W_Y150N_F19M 
-10.5660 0.7757 10 	W57D_Y150D_F85Q_F19S 
-13.2920 0.2687 10 	Y150K_F19W 
-13.3240 1.7171 10 	F85P_W57K 
-12.0400 0.5683 10 	F85H_F19R_Y150V 
-13.2270 0.2627 10 	F85K_F19C_W57N 
-11.3780 0.8039 10 	W57V_Y150N 
-12.9700 1.1789 10 	Y150I_W57Q_F85S_F19T 
-13.1260 0.7999 10 	W57Y_F85P_Y150Q 
-13.1480 0.1886 10 	F19S_F85M 
-11.4310 1.4716 10 	F19P_F85G_Y150R_W57A 
-13.1510 1.5337 10 	W57V_F85H_F19S 
-12.1000 0.3163 10 	F19T_Y150V 
-12.3700 0.8783 10 	W57L_Y150K_F85D_F19R 
-12.1720 2.3057 10 	W57C_F19I 
-11.0060 0.9065 10 	F85Y_W57T_F19A_Y150S 
-13.0440 1.0738 10 	F85V_F19H_W57T 
-14.3260 0.4487 10 	W57F_F85H_F19A 
-12.5940 1.4562 10 	F19P_Y150I_W57H_F85M 
-13.9570 0.5879 10 	Y150F_W57Q_F85C_F19P 
-12.5350 2.9522 10 	Y150W_W57E_F19M 
-11.2260 1.1884 10 	W57C_F85T_F19L_Y150R 
-11.8970 0.7965 10 	W57T_Y150L_F19S 
-11.8620 0.5459 10 	F19R_F85H_Y150R_W57R 
-10.9290 1.7208 10 	F19D_F85Q_W57E_Y150R 
-14.1540 0.8111 10 	W57S_F85I_F19P 
-12.2590 1.0107 10 	F85Y_Y150L_W57R 
-11.1700 1.2794 10 	Y150P_F19E_W57M_F85G 
-12.0890 1.8162 10 	F85A_Y150L_W57Q 
-15.1090 0.3105 10 	F85Y_W57Y 
-12.2520 0.1104 10 	Y150K_F85G_F19P 
-14.5930 0.2753 10 	F19N_F85H_Y150W 
-11.5230 0.2127 10 	Y150S_F85N_F19R 
-12.7440 1.1221 10 	F85R_W57M 
-11.3860 1.3762 10 	W57Y_F85Y_Y150S_F19M 
-13.0470 0.4812 10 	F85E_W57F_Y150K 
-11.3520 0.3495 10 	F85D_W57A_F19S_Y150N 
-12.4170 0.8503 10 	F85E_W57K_Y150H_F19N 
-13.4870 1.2456 10 	W57Q_F19Y 
-13.7910 1.1592 10 	F85I_F19R_W57Q 
-11.4320 0.6572 10 	W57C_F19E_Y150Q 
-10.9990 1.1748 10 	Y150Q_F19G_W57K_F85N 
-12.2460 1.1366 10 	Y150H_F19G_W57R 
-11.6210 0.3865 10 	F19N_Y150R_W57C_F85Q 
-13.8980 0.2724 10 	Y150H_F85H 
-13.2160 0.9195 10 	F85A_Y150I_W57I 
-11.6820 1.1810 10 	W57V_Y150E_F85C_F19V 
-12.2500 1.5717 10 	W57E_F85W_Y150I_F19P 
-13.4620 0.8824 10 	F19M_W57L_F85W 
-11.5520 1.9470 10 	F85R_W57M_Y150W_F19G 
-13.1270 0.7465 10 	Y150H_F19V_F85L_W57G 
-13.2740 0.7090 10 	W57C_F19E_F85N 
-13.4350 0.6366 10 	Y150H_W57H_F19A 
-14.3380 0.5938 10 	F19I_W57F_F85K_Y150F 
-11.7100 1.3915 10 	W57P_F85D_Y150R_F19T 
-12.5030 0.4449 10 	F85I_F19C_W57F_Y150R 
-13.4100 0.3352 10 	F19S_F85G 
-12.6150 0.1432 10 	F85L_F19A_Y150L 
-12.0780 0.9396 10 	Y150N_W57G_F85Q_F19Y 
-14.5090 0.3386 10 	F19R_W57F 
-13.0750 0.4542 10 	Y150K_F85Y 
-12.5420 0.9512 10 	Y150H_F85D_W57R_F19H 
-11.9930 0.1957 10 	F85C_Y150V_F19N 
-11.9390 1.7099 10 	Y150S_F85P_W57G 
-14.3880 0.4262 10 	F85C_W57T 
-12.0910 1.0213 10 	F19L_F85D_Y150L_W57G 
-11.3970 0.9822 10 	F85H_W57M_Y150D 
-12.0060 0.2150 10 	F19Y_Y150G_F85Y 
-13.7550 1.2572 10 	W57E_F85S 
-12.4740 0.8841 10 	Y150L_W57L 
-11.4270 0.8172 10 	F85H_F19A_Y150G_W57I 
-13.5250 0.3454 10 	F19K_F85H 
-12.4100 0.8671 10 	F19M_F85W_Y150I_W57I 
-11.9710 0.8771 10 	F19P_W57K_F85W 
-10.4980 2.0386 10 	W57C_F85S_F19G_Y150P 
-10.5020 1.4614 10 	Y150S_F19L_W57D 
-11.4110 1.0340 10 	Y150V_F85D_W57N_F19I 
-11.9230 0.9707 10 	W57A_F19M_Y150V_F85L 
-12.7220 1.2362 10 	F19Y_W57L_Y150T_F85Q 
-10.4590 1.5266 10 	F19H_W57T_Y150D 
-13.5590 0.5602 10 	W57F_F85R_F19Y 
-13.4920 0.1428 10 	F85A_F19V 
-11.3920 0.3014 10 	Y150D_F85Q_F19K 
-11.8890 2.2215 10 	F19E_W57A_F85V_Y150E 
-14.3640 1.1074 10 	Y150W_F19Q 
-12.1550 2.1835 10 	W57K_F85S_Y150W_F19S 
-13.5810 1.1876 10 	F19L_W57N_F85R 
-11.1530 0.8040 10 	W57M_F19R_Y150V 
-10.1030 0.7529 10 	F19Y_Y150D_F85R_W57T 
-13.1410 0.4019 10 	W57H_F19S_Y150H_F85R 
-12.1030 1.6895 10 	W57P_F19P_Y150T_F85G 
-11.4840 1.5975 10 	F85P_W57S_F19R_Y150G 
-12.6400 1.3257 10 	F19G_F85Y_W57C 
-12.2040 1.3241 10 	F85D_Y150H_W57I_F19A 
-13.3830 0.2869 10 	F19K_F85K 
-11.5940 0.1949 10 	Y150S_F19H 
-11.2310 0.8402 10 	F85T_W57S_F19H_Y150N 
-13.6510 1.7578 10 	F85C_W57N 
-12.7170 1.9829 10 	F85G_W57A 
-13.9710 1.5388 10 	W57K_F85C 
-12.7680 0.7415 10 	Y150I_W57H_F19C 
-14.8530 0.4352 10 	F85P_Y150W 
-11.4210 1.7642 10 	Y150C_F19M_W57N 
-11.7370 0.9748 10 	Y150C_F19I_W57V_F85S 
-11.9490 1.1199 10 	Y150Q_F85I_F19S 
-12.1450 1.1937 10 	Y150I_F19K_F85E_W57A 
-13.5000 1.3334 10 	F85N_Y150W_F19N_W57E 
-12.1140 0.3051 10 	F19L_F85E_Y150N 
-12.6220 0.8193 10 	F19S_F85C_W57D_Y150H 
-11.1600 1.4131 10 	W57S_Y150C 
-13.9760 0.2844 10 	F19H_Y150F_F85N 
-13.1070 0.4363 10 	F19H_F85R 
-12.4120 0.2382 10 	Y150E_W57Y_F19T 
-12.5300 2.4978 10 	F85V_F19L_W57E 
-11.2830 1.6539 10 	F85H_W57E_Y150R_F19T 
-12.3880 0.3148 10 	Y150R_F85P 
-11.1980 1.5322 10 	F19G_Y150G_F85R_W57T 
-10.6910 2.6879 10 	W57E_F19Y_F85R_Y150H 
-13.9410 0.2795 10 	F85M_F19H 
-12.8190 1.4692 10 	W57E_F19T 
-11.2930 1.1525 10 	F19T_F85E_Y150R_W57Q 
-11.7480 0.6122 10 	Y150R_F19M_F85R_W57F 
-9.6700 2.4853 10 	W57V_Y150A 
-13.5430 0.9439 10 	W57N_Y150H 
-13.1110 1.3712 10 	W57D_F85E_F19I 
-11.3670 1.1132 10 	W57C_Y150T_F85P_F19C 
-13.2080 1.1070 10 	F19V_W57K 
-10.9940 1.3564 10 	F19K_W57I_Y150V 
-12.7450 1.0355 10 	W57I_Y150V_F19W_F85C 
-12.2970 0.9242 10 	F19D_F85H_W57D_Y150I 
-13.3600 1.2312 10 	F19C_W57L 
-10.7940 1.0925 10 	W57K_Y150D_F19M_F85E 
-11.2630 1.9809 10 	Y150P_W57P_F19T_F85M 
-11.0240 1.4060 10 	F19C_W57A_Y150K 
-11.7960 1.0884 10 	F19N_F85L_Y150M_W57N 
-12.3760 0.4265 10 	Y150R_W57F_F19K 
-13.4980 0.7250 10 	F85S_F19I_Y150I 
-12.9070 1.0821 10 	W57V_F85D_F19A 
-13.0230 0.8769 10 	F85H_F19S_W57R 
-14.1020 1.2946 10 	F85H_W57I 
-11.7050 1.3898 10 	F19M_F85I_W57Q_Y150A 
-11.6340 0.5442 10 	F19C_Y150R_W57C_F85P 
-14.0590 0.6221 10 	F85P_F19R_W57L 
-13.5040 1.9517 10 	Y150W_W57L 
-11.5590 2.0062 10 	W57E_F85N_Y150K 
-11.0720 1.1561 10 	W57S_F19L_F85A_Y150S 
-13.6500 0.6439 10 	F85G_W57N_F19A 
-13.3530 0.5867 10 	W57N_F19R_F85A 
-12.3740 1.3872 10 	F85Y_W57T 
-12.7340 0.9130 10 	Y150F_F85W_F19W_W57A 
-13.5290 0.4030 10 	F19S_F85G_Y150F 
-10.2430 1.3380 10 	Y150C_F19P_W57D 
-11.8380 0.7113 10 	W57N_Y150R_F19L_F85L 
-11.4470 0.8079 10 	W57L_F85S_Y150D_F19G 
-11.8790 1.3955 10 	Y150T_F85A_W57D 
-12.1060 0.1930 10 	F85V_Y150D 
-14.5690 0.8554 10 	F85E_W57F 
-11.7700 0.4125 10 	F85K_Y150R_F19T 
-11.5980 2.4227 10 	Y150L_F85N_W57D 
-11.3680 0.7853 10 	W57H_Y150N_F19R_F85R 
-12.3780 0.2330 10 	F85Q_Y150M_F19S 
-13.7990 1.1604 10 	F85I_Y150H_W57G 
-12.3460 1.4221 10 	F85W_Y150M_F19V_W57S 
-13.6370 1.3972 10 	F85D_W57K 
-12.9640 0.4121 10 	F19P_W57F_F85L_Y150M 
-10.8090 2.1527 10 	F85A_Y150A_W57D 
-11.9270 0.1770 10 	F19E_F85A_Y150E 
-14.4490 0.7006 10 	F19N_F85T_Y150W 
-13.0910 2.1067 10 	F19K_W57P 
-11.2970 0.4181 10 	W57P_Y150N_F19D_F85D 
-11.9930 0.7181 10 	F85E_F19D_Y150P_W57Y 
-12.6200 0.9317 10 	W57D_F85S_Y150I_F19Q 
-12.2490 0.4834 10 	F19A_F85T_W57H_Y150K 
-12.6480 1.3543 10 	Y150W_W57Y 
-13.3190 1.4055 10 	F85H_F19C_W57V 
-13.3830 0.4564 10 	Y150K 
-11.0200 1.3015 10 	F85D_F19Q_W57P_Y150A 
-12.3970 0.6723 10 	F19Y_F85Y_Y150Q_W57N 
-12.1360 0.3344 10 	F19Q_Y150E_F85Y 
-11.2680 1.3736 10 	Y150D_F19L_W57Q_F85D 
-13.6970 0.1968 10 	F19G_F85V 
-11.6770 0.9005 10 	W57K_F85Q_Y150R_F19S 
-13.5190 1.2141 10 	F19Y_W57R_F85Q_Y150W 
-10.6670 1.4815 10 	F19V_F85I_Y150S_W57I 
-13.6400 0.2080 10 	F85E_Y150I_F19H_W57F 
-12.4750 1.5254 10 	F19G_F85K_W57C 
-11.8760 1.2125 10 	W57D_F85H_Y150A_F19W 
-12.8190 0.3600 10 	Y150P_F85K 
-12.8270 0.3424 10 	Y150M_F85Y_F19K_W57H 
-12.5860 0.3010 10 	F19Y_Y150N 
-11.3350 1.8735 10 	W57E_F85P_Y150Q 
-11.8360 0.2701 10 	W57Y_Y150D_F85G_F19P 
-13.5580 1.7104 10 	W57A_F19N 
-13.0870 1.1523 10 	W57M_Y150I 
-10.9290 0.6263 10 	Y150V_W57M_F19G_F85S 
-13.4080 0.3251 10 	F85Q_F19C 
-11.9580 0.5280 10 	F85E_W57C_Y150K_F19D 
-11.1190 0.8179 10 	F19P_W57R_F85P_Y150C 
-11.5630 0.1913 10 	F19A_F85V_Y150N 
-11.1600 0.8780 10 	F85Q_W57A_F19H_Y150G 
-11.9240 0.3279 10 	F19Q_Y150Q_F85E 
-13.6540 0.8298 10 	W57I_F19Y 
-10.8570 1.0264 10 	Y150A_F19P_F85A_W57I 
-12.5100 1.5257 10 	F19N_W57T_F85C 
-13.2740 1.3942 10 	W57A_F85I_Y150E 
-13.4960 0.6576 10 	F19R_F85C_Y150I_W57H 
-12.4480 1.0751 10 	W57H_Y150Q 
-11.0550 0.8584 10 	Y150C_W57P_F85Q_F19Q 
-10.1130 1.7574 10 	F85Q_Y150P_W57M_F19D 
-11.6190 1.2173 10 	F85E_Y150T_F19M_W57C 
-12.1060 0.1930 10 	Y150D_F85V 
-11.9970 0.3238 10 	Y150C_F19R 
-13.0860 0.9019 10 	W57Q_F19Q_F85K 
-11.6420 0.9676 10 	W57S_F85H_Y150Q_F19N 
-13.0810 0.4255 10 	Y150Q 
-11.7820 1.5009 10 	F19W_F85E_Y150E_W57G 
-11.2410 0.9515 10 	Y150D_F85L_W57N 
-12.8920 0.4895 10 	F85M_W57Y_F19I_Y150K 
-13.2250 1.7389 10 	W57A_F85T_F19I 
-11.6290 1.7514 10 	Y150M_W57M 
-12.1700 0.9947 10 	W57M_F85W_F19H_Y150H 
-12.0470 1.4143 10 	W57T_F19L_Y150E 
-12.3460 0.7345 10 	W57L_F19M_Y150T 
-11.6290 0.2122 10 	F85T_Y150D_F19M 
-12.9640 1.5024 10 	F19S_Y150F_W57K 
-10.6260 1.6812 10 	F19H_Y150K_F85R_W57E 
-14.5330 0.3184 10 	Y150I_F85P_F19W 
-13.8030 1.1344 10 	F19H_W57M_Y150F_F85P 
-12.3210 0.3211 10 	F19V_Y150C_F85T_W57F 
-13.3360 0.2119 10 	F85H_F19S 
-12.0870 0.1713 10 	F19C_Y150V_F85I 
-11.2120 1.4084 10 	W57P_F85W_F19Y_Y150N 
-10.5020 1.6354 10 	Y150V_W57N_F19S 
