-13.4880 0.3102 10 	F19A_F85A 
-13.0920 0.9690 10 	F19A_F85C 
-13.3230 0.1373 10 	F19A_F85D 
-14.4870 0.3338 10 	F19A_F85E_W57F 
-13.6800 0.9554 10 	F19A_F85E_Y150F_W57D 
-13.4380 0.4246 10 	F19A_F85G 
-10.9680 0.7209 10 	F19A_F85G_W57K_Y150C 
-11.7270 1.0912 10 	F19A_F85H_W57F_Y150P 
-13.7380 0.2864 10 	F19A_F85I 
-11.3110 1.1551 10 	F19A_F85I_W57Y_Y150G 
-11.6620 0.6638 10 	F19A_F85I_Y150V_W57M 
-13.2060 0.1601 10 	F19A_F85K 
-13.5760 0.2520 10 	F19A_F85L 
-10.7810 0.5001 10 	F19A_F85L_W57K_Y150A 
-13.5330 0.3466 10 	F19A_F85M 
-11.0340 0.8502 10 	F19A_F85M_W57E_Y150T 
-13.4090 0.2869 10 	F19A_F85N 
-13.4580 1.0497 10 	F19A_F85P 
-13.2560 0.2425 10 	F19A_F85Q 
-13.5410 0.7265 10 	F19A_F85Q_W57E 
-13.4420 0.7971 10 	F19A_F85Q_W57S 
-14.3490 0.4864 10 	F19A_F85Q_Y150F_W57F 
-13.3100 1.0307 10 	F19A_F85S_W57N 
-11.4760 0.1563 10 	F19A_F85S_Y150A 
-12.0190 0.2365 10 	F19A_F85S_Y150V 
-13.4290 0.1954 10 	F19A_F85T 
-11.9450 0.8819 10 	F19A_F85V_W57L_Y150G 
-12.8720 0.2310 10 	F19A_F85W 
-10.5560 0.9911 10 	F19A_F85W_W57E_Y150C 
-11.4990 0.2012 10 	F19A_F85Y_Y150N 
-13.1040 1.9391 10 	F19A_W57A 
-10.9050 1.3549 10 	F19A_W57A_Y150D 
-12.0450 1.2345 10 	F19A_W57A_Y150Q 
-12.5760 1.6117 10 	F19A_W57C 
-12.8860 1.5919 10 	F19A_W57D_F85E 
-11.0310 1.0879 10 	F19A_W57D_F85E_Y150G 
-12.5350 1.2665 10 	F19A_W57D_F85W_Y150F 
-10.4440 2.3339 10 	F19A_W57E_F85C_Y150T 
-10.8740 0.8786 10 	F19A_W57G_F85D_Y150N 
-13.3420 1.1956 10 	F19A_W57G_F85K 
-13.8140 0.7862 10 	F19A_W57H 
-12.6810 0.6978 10 	F19A_W57H_F85C_Y150L 
-13.5100 0.6176 10 	F19A_W57H_F85R 
-12.9710 1.1404 10 	F19A_W57I 
-11.7300 1.3638 10 	F19A_W57I_Y150M_F85C 
-12.4950 0.6313 10 	F19A_W57K_Y150I_F85Q 
-13.2960 1.1443 10 	F19A_W57L 
-11.7240 0.8614 10 	F19A_W57L_F85R_Y150E 
-13.2220 1.5237 10 	F19A_W57L_F85Y_Y150H 
-12.4450 0.7296 10 	F19A_W57M 
-11.0710 1.1206 10 	F19A_W57M_Y150V 
-13.1320 1.1764 10 	F19A_W57P 
-11.1080 1.1602 10 	F19A_W57P_F85M_Y150G 
-13.7270 0.9956 10 	F19A_W57P_F85V 
-12.6620 1.5933 10 	F19A_W57P_Y150M 
-13.4060 1.0156 10 	F19A_W57Q_F85K 
-12.7210 0.8991 10 	F19A_W57Q_Y150I 
-12.6950 0.8972 10 	F19A_W57R 
-12.2650 0.8253 10 	F19A_W57R_Y150H_F85T 
-12.5630 1.7286 10 	F19A_W57S 
-11.2250 1.7738 10 	F19A_W57S_F85I_Y150V 
-12.9680 1.4496 10 	F19A_W57S_F85V 
-11.2840 0.7986 10 	F19A_W57S_Y150S_F85S 
-10.5510 1.2603 10 	F19A_W57S_Y150T 
-11.0190 0.8991 10 	F19A_W57T_F85A_Y150P 
-13.1000 1.9582 10 	F19A_W57T_F85T 
-11.3920 1.0808 10 	F19A_W57T_F85V_Y150K 
-12.8910 1.7059 10 	F19A_W57T_Y150F 
-12.5870 1.0886 10 	F19A_W57V_Y150H 
-11.7470 1.2450 10 	F19A_W57V_Y150N 
-14.0710 0.4224 10 	F19A_W57Y 
-14.2920 0.3444 10 	F19A_W57Y_Y150F 
-11.4790 0.2829 10 	F19A_Y150A_F85A 
-11.5420 0.1712 10 	F19A_Y150A_F85E 
-11.5430 0.3112 10 	F19A_Y150A_F85P 
-10.9560 0.9229 10 	F19A_Y150A_F85P_W57E 
-11.5480 0.2604 10 	F19A_Y150C 
-11.7210 0.3228 10 	F19A_Y150D_W57F 
-11.3870 0.8249 10 	F19A_Y150E_W57D 
-11.2980 0.9799 10 	F19A_Y150E_W57D_F85I 
-11.2370 1.2782 10 	F19A_Y150E_W57Q 
-13.6000 0.2944 10 	F19A_Y150F 
-11.1270 0.2072 10 	F19A_Y150G 
-11.4480 0.5094 10 	F19A_Y150G_F85E 
-11.0640 0.1535 10 	F19A_Y150G_F85K 
-12.8920 0.2806 10 	F19A_Y150H_F85Y 
-12.5570 0.6724 10 	F19A_Y150I_W57M 
-11.9610 0.2214 10 	F19A_Y150K_F85E 
-12.1580 0.1503 10 	F19A_Y150K_F85M 
-11.8920 1.6889 10 	F19A_Y150L_W57P_F85G 
-12.5350 0.5060 10 	F19A_Y150M 
-11.5930 1.0841 10 	F19A_Y150M_W57V_F85A 
-11.7250 0.2725 10 	F19A_Y150N 
-11.6470 0.2002 10 	F19A_Y150N_F85K 
-11.6200 1.0941 10 	F19A_Y150P 
-11.2180 1.0614 10 	F19A_Y150P_W57Y 
-11.8140 0.6579 10 	F19A_Y150Q_F85P_W57R 
-11.7190 0.4780 10 	F19A_Y150Q_F85Y 
-11.0500 1.2007 10 	F19A_Y150Q_W57C_F85D 
-11.7020 0.6584 10 	F19A_Y150Q_W57D 
-11.4360 1.1897 10 	F19A_Y150Q_W57H 
-12.5530 0.7729 10 	F19A_Y150R_W57G_F85Q 
-11.5990 1.3828 10 	F19A_Y150R_W57H 
-11.2790 0.2149 10 	F19A_Y150S 
-10.9340 1.2077 10 	F19A_Y150S_F85N_W57A 
-11.6860 0.3041 10 	F19A_Y150S_W57F 
-10.5470 1.1571 10 	F19A_Y150S_W57H 
-11.3880 0.4492 10 	F19A_Y150S_W57V_F85P 
-12.0280 0.2475 10 	F19A_Y150T 
-10.8730 0.7315 10 	F19A_Y150T_W57D_F85W 
-11.2630 1.1145 10 	F19A_Y150T_W57R_F85T 
-11.9450 0.2842 10 	F19A_Y150V 
-10.8670 0.7391 10 	F19A_Y150V_F85G_W57K 
-14.6820 0.1492 10 	F19A_Y150W 
-12.7180 1.5589 10 	F19A_Y150W_W57A 
-13.4900 1.9473 10 	F19A_Y150W_W57Y 
-13.4870 0.2500 10 	F19C_F85A 
-11.9350 0.9212 10 	F19C_F85A_W57H_Y150R 
-10.3640 1.7532 10 	F19C_F85A_W57I_Y150D 
-13.3110 0.1424 10 	F19C_F85C 
-10.7840 1.3523 10 	F19C_F85C_Y150C_W57P 
-12.0130 0.1414 10 	F19C_F85C_Y150T 
-13.4950 0.3207 10 	F19C_F85D 
-12.1970 0.9965 10 	F19C_F85D_Y150K_W57Q 
-11.1900 1.6852 10 	F19C_F85D_Y150P_W57I 
-13.1520 0.7612 10 	F19C_F85E_Y150I_W57I 
-10.9870 2.2558 10 	F19C_F85E_Y150V_W57S 
-13.4090 0.3110 10 	F19C_F85G 
-13.4000 0.2926 10 	F19C_F85H 
-13.4640 1.3257 10 	F19C_F85H_W57Q 
-11.2380 0.2646 10 	F19C_F85H_Y150D 
-13.7610 0.3073 10 	F19C_F85I 
-13.3520 0.2306 10 	F19C_F85K_Y150F 
-13.4910 0.5956 10 	F19C_F85L_W57Q 
-13.5620 0.2265 10 	F19C_F85M 
-13.0500 0.1503 10 	F19C_F85M_Y150H 
-11.8020 0.2148 10 	F19C_F85M_Y150R 
-12.6190 0.3854 10 	F19C_F85P_Y150L 
-13.4080 0.3251 10 	F19C_F85Q 
-14.0780 0.6461 10 	F19C_F85Q_W57Y 
-13.1610 0.2953 10 	F19C_F85R 
-11.0630 3.1414 10 	F19C_F85R_Y150F_W57E 
-12.2720 1.7893 10 	F19C_F85S_Y150W_W57S 
-11.8220 0.9551 10 	F19C_F85T_Y150M_W57K 
-12.0540 1.2847 10 	F19C_F85V_W57A_Y150C 
-11.3350 0.3256 10 	F19C_F85V_Y150D 
-12.8340 0.3552 10 	F19C_F85W 
-11.3930 1.1123 10 	F19C_F85W_Y150R_W57L 
-11.1300 1.7253 10 	F19C_F85W_Y150V_W57S 
-13.0480 1.8704 10 	F19C_W57A_F85V 
-13.3940 1.5118 10 	F19C_W57C_F85M 
-13.2580 0.8120 10 	F19C_W57C_F85W 
-10.6430 0.9903 10 	F19C_W57C_Y150A 
-10.6380 0.9078 10 	F19C_W57C_Y150G 
-10.1750 1.7851 10 	F19C_W57C_Y150P_F85A 
-12.5880 1.4073 10 	F19C_W57D 
-10.1650 1.1011 10 	F19C_W57D_Y150D 
-12.0450 0.5831 10 	F19C_W57D_Y150L 
-13.4020 1.0857 10 	F19C_W57E_F85H 
-11.6150 0.5856 10 	F19C_W57F_Y150C_F85W 
-12.0370 0.5414 10 	F19C_W57F_Y150P_F85A 
-13.2010 1.9928 10 	F19C_W57G 
-14.0610 0.6894 10 	F19C_W57H_F85N 
-13.7440 0.5201 10 	F19C_W57I 
-12.9700 0.9166 10 	F19C_W57K 
-14.2650 1.0886 10 	F19C_W57L_F85S 
-13.1580 1.3416 10 	F19C_W57M 
-11.1770 1.1895 10 	F19C_W57M_Y150Q 
-12.8650 1.4705 10 	F19C_W57N 
-13.4760 1.5590 10 	F19C_W57N_F85I_Y150W 
-12.4160 1.0082 10 	F19C_W57N_F85P_Y150L 
-11.1880 1.6040 10 	F19C_W57N_F85R_Y150M 
-13.4570 0.9967 10 	F19C_W57Q_F85Q 
-13.0030 0.6440 10 	F19C_W57R_F85L 
-11.7510 0.6416 10 	F19C_W57R_F85R_Y150I 
-13.2330 1.6348 10 	F19C_W57S 
-12.5180 1.1127 10 	F19C_W57T 
-11.1490 1.0528 10 	F19C_W57T_F85P_Y150V 
-13.0960 1.7825 10 	F19C_W57T_Y150F_F85A 
-10.6390 1.1619 10 	F19C_W57T_Y150K_F85L 
-12.5270 1.2801 10 	F19C_W57V 
-13.1320 0.9846 10 	F19C_W57V_Y150H 
-14.3810 0.2366 10 	F19C_W57Y 
-11.3300 0.1377 10 	F19C_Y150A 
-11.4560 0.1114 10 	F19C_Y150A_F85D 
-10.6570 1.1698 10 	F19C_Y150A_W57T 
-11.7160 0.1835 10 	F19C_Y150C 
-10.5920 1.0114 10 	F19C_Y150C_F85Y_W57N 
-9.4750 1.7540 10 	F19C_Y150C_W57E 
-11.2950 0.1147 10 	F19C_Y150D 
-11.7530 1.4869 10 	F19C_Y150D_W57G 
-12.0630 0.3030 10 	F19C_Y150E 
-11.3350 0.5069 10 	F19C_Y150E_F85H_W57R 
-13.6120 0.2022 10 	F19C_Y150F 
-13.0680 0.7684 10 	F19C_Y150F_F85Q_W57Q 
-11.3550 0.3854 10 	F19C_Y150G 
-10.1440 1.8216 10 	F19C_Y150G_W57E 
-11.9210 0.3166 10 	F19C_Y150G_W57Y_F85N 
-12.9930 0.1023 10 	F19C_Y150H 
-12.1560 0.3530 10 	F19C_Y150K 
-12.1180 1.1894 10 	F19C_Y150L 
-12.6390 0.2643 10 	F19C_Y150L_F85I 
-12.0660 0.9834 10 	F19C_Y150L_F85Y_W57T 
-12.9920 0.8373 10 	F19C_Y150L_W57F_F85H 
-12.5460 0.2595 10 	F19C_Y150M 
-12.2920 1.0480 10 	F19C_Y150M_W57G_F85M 
-11.6700 0.1438 10 	F19C_Y150N_F85M 
-10.8000 1.7250 10 	F19C_Y150N_W57N_F85I 
-11.9970 0.2738 10 	F19C_Y150Q 
-11.2450 1.6777 10 	F19C_Y150Q_F85N_W57I 
-11.8490 0.2038 10 	F19C_Y150R 
-11.7190 0.8092 10 	F19C_Y150R_W57L_F85V 
-11.3470 0.2898 10 	F19C_Y150S 
-10.0990 1.5803 10 	F19C_Y150S_F85K_W57I 
-11.0030 0.6035 10 	F19C_Y150S_W57V 
-11.9970 0.3301 10 	F19C_Y150T 
-11.9880 0.9010 10 	F19C_Y150T_F85R_W57F 
-10.3630 1.6751 10 	F19C_Y150T_F85S_W57R 
-12.0270 0.1621 10 	F19C_Y150T_F85T 
-11.9490 0.2301 10 	F19C_Y150V 
-10.5260 1.0155 10 	F19C_Y150V_F85T_W57M 
-10.5980 1.2608 10 	F19C_Y150V_W57D_F85E 
-10.5810 1.5833 10 	F19C_Y150V_W57T_F85A 
-11.6620 0.8431 10 	F19C_Y150V_W57Y 
-12.7110 1.7470 10 	F19C_Y150W_F85E_W57A 
-14.3710 0.4429 10 	F19C_Y150W_F85L 
-12.4610 1.5494 10 	F19C_Y150W_W57D 
-13.1910 1.8300 10 	F19C_Y150W_W57F 
-13.5340 0.3707 10 	F19D 
-13.3860 0.2638 10 	F19D_F85A 
-14.4050 0.5187 10 	F19D_F85A_W57F 
-10.9780 1.7120 10 	F19D_F85A_W57I_Y150A 
-11.1950 0.2196 10 	F19D_F85C_Y150D 
-12.1050 0.2856 10 	F19D_F85C_Y150P 
-13.3090 1.5880 10 	F19D_F85D_W57E 
-13.3620 0.1717 10 	F19D_F85E 
-12.9050 0.0730 10 	F19D_F85E_Y150H 
-11.4610 0.2143 10 	F19D_F85E_Y150N 
-13.3440 0.1993 10 	F19D_F85G 
-11.6750 2.6517 10 	F19D_F85G_Y150W_W57I 
-13.3530 0.1787 10 	F19D_F85H 
-12.6640 0.6342 10 	F19D_F85H_W57N_Y150I 
-12.6510 1.2269 10 	F19D_F85K_Y150F_W57C 
-11.8860 0.1849 10 	F19D_F85L_Y150E 
-13.3650 0.2018 10 	F19D_F85N 
-11.5480 0.4415 10 	F19D_F85N_Y150Q_W57L 
-11.2790 1.0376 10 	F19D_F85P_W57G_Y150D 
-10.9790 1.3269 10 	F19D_F85P_Y150V_W57I 
-13.3450 0.2774 10 	F19D_F85Q 
-13.5290 1.1021 10 	F19D_F85Q_W57G 
-11.9480 0.8819 10 	F19D_F85Q_Y150L_W57K 
-11.6830 1.1609 10 	F19D_F85Q_Y150V_W57F 
-12.8380 0.2038 10 	F19D_F85R 
-12.0620 0.4729 10 	F19D_F85R_W57F_Y150T 
-13.5060 0.1957 10 	F19D_F85S 
-10.7530 1.1441 10 	F19D_F85S_Y150D 
-13.6930 0.2881 10 	F19D_F85S_Y150F 
-10.9310 1.0360 10 	F19D_F85S_Y150N_W57E 
-13.4220 0.5236 10 	F19D_F85T_W57E 
-11.0740 1.0179 10 	F19D_F85T_W57I_Y150V 
-12.3130 0.8692 10 	F19D_F85T_W57K_Y150I 
-13.2700 1.1346 10 	F19D_F85V_W57E 
-12.7380 0.6949 10 	F19D_F85W 
-13.5290 0.3931 10 	F19D_F85Y 
-12.6900 0.3579 10 	F19D_F85Y_Y150H 
-12.0070 1.8809 10 	F19D_W57A 
-11.2010 1.6151 10 	F19D_W57A_Y150E 
-11.7910 1.3177 10 	F19D_W57C 
-11.4090 1.5895 10 	F19D_W57C_F85P_Y150P 
-12.6950 1.3774 10 	F19D_W57C_F85Q 
-13.2150 0.7579 10 	F19D_W57C_F85Y 
-11.8390 0.9430 10 	F19D_W57C_Y150L 
-11.0990 0.9514 10 	F19D_W57D_Y150E_F85V 
-11.3950 0.5682 10 	F19D_W57D_Y150Q_F85L 
-13.2510 1.4268 10 	F19D_W57E_F85C 
-14.1190 0.4198 10 	F19D_W57F 
-11.7000 0.7482 10 	F19D_W57F_F85S_Y150C 
-14.5560 0.2688 10 	F19D_W57F_Y150F 
-12.2900 0.1752 10 	F19D_W57F_Y150T_F85M 
-13.0860 1.3526 10 	F19D_W57G_Y150I_F85Q 
-11.5560 0.8765 10 	F19D_W57G_Y150S_F85C 
-13.7140 0.6063 10 	F19D_W57H 
-14.1610 1.3871 10 	F19D_W57H_F85C_Y150W 
-13.8780 0.4772 10 	F19D_W57H_F85K 
-14.1910 0.2175 10 	F19D_W57H_F85Q_Y150F 
-13.4700 0.5092 10 	F19D_W57I_F85Q 
-10.7040 1.2834 10 	F19D_W57K_Y150P 
-13.9880 0.8506 10 	F19D_W57L 
-14.0620 1.2290 10 	F19D_W57L_F85L 
-11.3150 1.1298 10 	F19D_W57L_Y150D_F85N 
-12.0000 1.0440 10 	F19D_W57L_Y150R_F85G 
-11.2890 1.1512 10 	F19D_W57L_Y150S_F85C 
-13.0630 0.9687 10 	F19D_W57M_F85R 
-10.7800 0.6496 10 	F19D_W57M_Y150D_F85E 
-12.7930 1.2389 10 	F19D_W57N_F85R 
-12.7460 0.9561 10 	F19D_W57P 
-12.3810 0.6283 10 	F19D_W57P_Y150M 
-10.1160 0.7481 10 	F19D_W57P_Y150S 
-12.3180 1.4043 10 	F19D_W57Q_F85W 
-12.2220 1.0441 10 	F19D_W57Q_Y150M 
-11.7010 0.5385 10 	F19D_W57Q_Y150R 
-12.4950 1.8604 10 	F19D_W57R 
-10.9910 0.9728 10 	F19D_W57R_Y150T 
-13.3290 0.9284 10 	F19D_W57S 
-11.8410 1.4071 10 	F19D_W57S_Y150C_F85P 
-11.3100 1.3423 10 	F19D_W57S_Y150M 
-11.2680 1.0086 10 	F19D_W57T_Y150E_F85L 
-12.8320 1.4795 10 	F19D_W57V 
-11.2250 0.9429 10 	F19D_W57V_F85Y_Y150K 
-13.1520 0.6899 10 	F19D_W57V_Y150I_F85Y 
-11.2430 0.3740 10 	F19D_Y150A_F85Y 
-11.4730 0.2489 10 	F19D_Y150C 
-11.5080 0.2974 10 	F19D_Y150C_F85A 
-11.1860 1.0259 10 	F19D_Y150C_F85W_W57A 
-11.0000 1.4054 10 	F19D_Y150D_W57M_F85V 
-11.9200 1.2104 10 	F19D_Y150E_F85H_W57I 
-11.6160 1.3127 10 	F19D_Y150E_W57G_F85A 
-14.3890 0.2797 10 	F19D_Y150F_W57Y_F85V 
-11.0010 0.3551 10 	F19D_Y150G 
-11.0940 0.7647 10 	F19D_Y150G_F85N 
-11.0420 0.3376 10 	F19D_Y150G_F85S 
-11.5850 1.0290 10 	F19D_Y150G_W57H_F85D 
-13.4890 0.3492 10 	F19D_Y150I_F85A_W57H 
-12.6440 1.3174 10 	F19D_Y150I_F85T 
-12.0110 0.1509 10 	F19D_Y150K_F85A 
-11.7170 0.5041 10 	F19D_Y150K_W57I_F85P 
-12.5150 0.2756 10 	F19D_Y150L 
-11.3720 1.1920 10 	F19D_Y150L_W57D_F85R 
-12.4080 0.2670 10 	F19D_Y150M 
-12.2210 0.8934 10 	F19D_Y150M_F85P_W57V 
-11.3770 0.2780 10 	F19D_Y150N 
-12.0060 0.1930 10 	F19D_Y150P 
-11.9150 0.5144 10 	F19D_Y150P_W57F_F85R 
-11.8520 0.3752 10 	F19D_Y150Q 
-11.7100 0.2622 10 	F19D_Y150R 
-11.9370 0.2348 10 	F19D_Y150R_F85K 
-10.7160 0.5545 10 	F19D_Y150S_F85W 
-11.5500 0.7737 10 	F19D_Y150S_W57I 
-11.8770 0.2724 10 	F19D_Y150T 
-11.8430 0.7257 10 	F19D_Y150T_W57H 
-10.9910 0.9728 10 	F19D_Y150T_W57R 
-11.3930 0.4150 10 	F19D_Y150V_F85R 
-12.6330 1.9805 10 	F19D_Y150W_W57D 
-12.8490 1.6609 10 	F19D_Y150W_W57D_F85E 
-13.5550 0.2859 10 	F19E 
-13.4160 0.3711 10 	F19E_F85A 
-12.4690 1.0167 10 	F19E_F85A_W57S_Y150I 
-11.7420 0.4986 10 	F19E_F85A_Y150N_W57V 
-11.5150 1.0573 10 	F19E_F85C_W57T_Y150E 
-13.5130 0.3771 10 	F19E_F85D 
-12.7910 1.3316 10 	F19E_F85E_W57D 
-11.1320 0.5273 10 	F19E_F85E_W57N_Y150C 
-11.0710 1.0797 10 	F19E_F85E_Y150N 
-11.9600 0.7590 10 	F19E_F85H_Y150Q 
-12.2960 1.8030 10 	F19E_F85I_Y150M_W57S 
-11.0770 1.8143 10 	F19E_F85K_W57Q_Y150Q 
-14.0110 0.5805 10 	F19E_F85K_W57Y 
-12.0580 0.3144 10 	F19E_F85K_Y150Q_W57Y 
-13.4770 0.4571 10 	F19E_F85L 
-11.9480 0.3921 10 	F19E_F85M_W57H_Y150G 
-13.0550 0.6887 10 	F19E_F85M_W57K 
-13.1960 0.7954 10 	F19E_F85M_W57L_Y150I 
-12.4930 0.4577 10 	F19E_F85P_W57F_Y150Q 
-10.7100 1.6909 10 	F19E_F85P_W57G_Y150P 
-11.5710 0.2560 10 	F19E_F85P_Y150A 
-12.9180 0.3399 10 	F19E_F85R 
-12.2910 0.8806 10 	F19E_F85R_W57K 
-13.1910 0.8016 10 	F19E_F85R_W57L_Y150I 
-12.0420 0.6585 10 	F19E_F85R_Y150I_W57R 
-11.9950 0.5988 10 	F19E_F85S_Y150E 
-13.5140 0.3026 10 	F19E_F85T 
-12.4510 0.8105 10 	F19E_F85T_W57L_Y150I 
-11.0200 0.6584 10 	F19E_F85T_W57M_Y150N 
-11.2610 0.3864 10 	F19E_F85T_Y150G 
-13.6400 0.4497 10 	F19E_F85V 
-12.0990 1.3617 10 	F19E_F85V_Y150M_W57R 
-10.7490 1.2884 10 	F19E_F85W_W57A_Y150E 
-10.6530 0.6219 10 	F19E_F85W_Y150C_W57D 
-10.3840 0.4131 10 	F19E_F85W_Y150G 
-11.0640 0.7735 10 	F19E_F85W_Y150S_W57Y 
-11.8450 0.9836 10 	F19E_F85Y_W57T_Y150R 
-13.7510 1.5602 10 	F19E_W57A 
-12.7300 0.8825 10 	F19E_W57A_F85C_Y150M 
-12.3390 1.7904 10 	F19E_W57C 
-13.3970 0.4477 10 	F19E_W57C_F85D 
-12.0920 1.6871 10 	F19E_W57D 
-12.6850 1.9433 10 	F19E_W57D_Y150W 
-12.7560 1.4736 10 	F19E_W57E_F85Y 
-14.2650 0.4399 10 	F19E_W57F 
-11.8210 0.8559 10 	F19E_W57F_Y150G 
-13.7690 1.8667 10 	F19E_W57G 
-13.7890 1.6286 10 	F19E_W57G_F85I 
-12.6600 1.4655 10 	F19E_W57G_F85R 
-11.6410 1.1753 10 	F19E_W57G_F85V_Y150C 
-13.4360 1.0188 10 	F19E_W57H 
-11.6920 0.3624 10 	F19E_W57H_F85D_Y150N 
-13.1260 0.3306 10 	F19E_W57H_Y150L_F85T 
-11.3260 1.2180 10 	F19E_W57H_Y150N 
-13.8520 1.0202 10 	F19E_W57I_F85A 
-13.8450 0.6550 10 	F19E_W57I_F85C 
-11.2000 0.9086 10 	F19E_W57I_Y150K_F85R 
-12.6610 1.2273 10 	F19E_W57K 
-14.1720 0.8613 10 	F19E_W57L_F85E 
-10.9720 0.7760 10 	F19E_W57L_Y150V 
-13.4110 0.4036 10 	F19E_W57M 
-12.9220 0.8898 10 	F19E_W57M_F85S 
-12.5750 1.2286 10 	F19E_W57M_Y150H 
-11.6970 0.5263 10 	F19E_W57M_Y150T 
-12.8140 1.8874 10 	F19E_W57N 
-13.4630 0.7963 10 	F19E_W57N_F85G 
-10.8540 1.4865 10 	F19E_W57N_Y150P 
-13.9390 1.3095 10 	F19E_W57P 
-13.1050 1.9023 10 	F19E_W57P_F85R 
-12.0620 1.7040 10 	F19E_W57P_Y150E 
-12.8990 1.5285 10 	F19E_W57Q 
-13.3420 1.1180 10 	F19E_W57Q_F85H 
-12.7600 1.8671 10 	F19E_W57Q_F85Y 
-10.8100 0.7945 10 	F19E_W57Q_Y150G_F85Y 
-11.0620 0.9929 10 	F19E_W57Q_Y150K_F85W 
-12.4910 1.3951 10 	F19E_W57R 
-11.0240 0.5873 10 	F19E_W57R_F85H_Y150C 
-12.1450 1.7734 10 	F19E_W57S 
-11.6640 1.5937 10 	F19E_W57S_F85E_Y150N 
-11.6830 1.3281 10 	F19E_W57S_F85R_Y150L 
-12.1130 2.2528 10 	F19E_W57T 
-13.3000 0.8195 10 	F19E_W57V 
-11.0640 1.1468 10 	F19E_W57V_F85A_Y150A 
-13.2940 0.9526 10 	F19E_W57V_F85Q_Y150H 
-14.2570 0.5416 10 	F19E_W57Y 
-14.3810 0.6214 10 	F19E_W57Y_F85G 
-11.4820 0.2472 10 	F19E_Y150A_F85D 
-11.1150 1.3374 10 	F19E_Y150A_F85N_W57A 
-10.5920 1.0406 10 	F19E_Y150A_W57K_F85G 
-10.9590 2.0557 10 	F19E_Y150A_W57V 
-11.0900 1.1210 10 	F19E_Y150C_F85E_W57E 
-11.4760 0.3426 10 	F19E_Y150C_F85G 
-10.9540 1.6512 10 	F19E_Y150C_W57E_F85K 
-11.2500 0.2152 10 	F19E_Y150D 
-11.2070 1.1162 10 	F19E_Y150D_W57L 
-11.9420 1.5236 10 	F19E_Y150D_W57P 
-11.2980 1.5106 10 	F19E_Y150E_W57S 
-13.8740 0.2848 10 	F19E_Y150F 
-14.0250 1.1019 10 	F19E_Y150F_W57A 
-13.9400 1.0578 10 	F19E_Y150F_W57V 
-14.2810 0.4659 10 	F19E_Y150F_W57Y 
-11.2660 0.3421 10 	F19E_Y150G 
-10.6720 1.6030 10 	F19E_Y150G_W57G 
-10.9650 1.1499 10 	F19E_Y150G_W57N 
-12.9740 0.3816 10 	F19E_Y150H 
-11.9910 1.0679 10 	F19E_Y150H_W57S 
-12.7440 0.7894 10 	F19E_Y150I_F85K_W57L 
-13.4630 0.4988 10 	F19E_Y150I_F85L_W57H 
-12.5460 0.7669 10 	F19E_Y150I_W57R 
-11.9100 0.2171 10 	F19E_Y150K_F85L 
-12.2110 0.5119 10 	F19E_Y150K_W57L_F85T 
-12.1200 0.7972 10 	F19E_Y150M 
-12.3360 0.2966 10 	F19E_Y150M_F85A 
-12.5780 0.2838 10 	F19E_Y150M_F85D 
-12.2440 0.7304 10 	F19E_Y150M_F85H_W57V 
-12.0540 0.9941 10 	F19E_Y150M_F85R_W57V 
-12.3650 0.6880 10 	F19E_Y150M_F85Y 
-12.1740 0.9841 10 	F19E_Y150M_W57E 
-13.0000 1.6771 10 	F19E_Y150M_W57G_F85P 
-11.7710 0.4344 10 	F19E_Y150N_W57H_F85I 
-12.0540 1.1003 10 	F19E_Y150N_W57P 
-11.0110 1.1534 10 	F19E_Y150S_F85L_W57S 
-11.3500 0.2785 10 	F19E_Y150S_F85S 
-12.0420 0.3084 10 	F19E_Y150T 
-11.9230 0.2257 10 	F19E_Y150T_F85L 
-10.9720 0.7760 10 	F19E_Y150V_W57L 
-14.6450 0.2135 10 	F19E_Y150W 
-13.4000 0.3532 10 	F19G 
-13.2220 0.2648 10 	F19G_F85A 
-11.7230 0.4471 10 	F19G_F85A_Y150V 
-13.3260 0.2069 10 	F19G_F85C 
-13.6760 0.7647 10 	F19G_F85C_W57D 
-12.8760 0.4882 10 	F19G_F85C_Y150I_W57K 
-11.4370 0.2012 10 	F19G_F85D_Y150N 
-13.2840 0.2965 10 	F19G_F85E 
-11.6050 0.9943 10 	F19G_F85E_W57Y_Y150P 
-12.3850 0.1856 10 	F19G_F85E_Y150L 
-11.2030 0.6148 10 	F19G_F85G_W57T_Y150C 
-13.3140 0.2629 10 	F19G_F85H 
-12.1300 1.6890 10 	F19G_F85H_W57T 
-10.9010 1.2947 10 	F19G_F85H_W57T_Y150E 
-13.6220 0.3105 10 	F19G_F85I 
-13.4380 1.2131 10 	F19G_F85I_W57V 
-11.3480 1.3879 10 	F19G_F85I_Y150S_W57K 
-13.2620 0.2236 10 	F19G_F85K 
-13.5140 0.7515 10 	F19G_F85K_W57L 
-11.2810 0.2416 10 	F19G_F85K_Y150C 
-13.3760 0.3281 10 	F19G_F85L 
-10.2220 1.0088 10 	F19G_F85L_Y150D_W57T 
-11.8530 0.2915 10 	F19G_F85L_Y150E 
-11.0350 0.8864 10 	F19G_F85L_Y150G_W57I 
-13.3780 0.8729 10 	F19G_F85M_W57H_Y150H 
-10.9330 0.9750 10 	F19G_F85M_Y150C_W57T 
-11.8700 0.3517 10 	F19G_F85N_Y150C_W57F 
-13.6730 0.1120 10 	F19G_F85P 
-14.5680 0.5267 10 	F19G_F85Q_W57F_Y150F 
-10.9700 2.4569 10 	F19G_F85Q_W57M_Y150W 
-13.9200 0.4060 10 	F19G_F85Q_W57Y 
-11.9050 0.1779 10 	F19G_F85Q_Y150Q 
-13.2070 0.2762 10 	F19G_F85R 
-11.4600 2.3300 10 	F19G_F85R_W57E_Y150L 
-13.4530 0.1906 10 	F19G_F85S 
-11.4580 0.5292 10 	F19G_F85S_W57R_Y150T 
-11.9350 0.9194 10 	F19G_F85S_Y150M_W57M 
-13.2830 0.2585 10 	F19G_F85T 
-13.0070 0.5963 10 	F19G_F85T_W57G_Y150I 
-12.8170 1.8383 10 	F19G_F85T_W57Q_Y150W 
-13.3710 0.9662 10 	F19G_F85V_W57M 
-13.2840 1.1623 10 	F19G_F85V_W57R 
-11.2850 2.0660 10 	F19G_F85W_W57A_Y150P 
-12.6930 1.0055 10 	F19G_F85Y_W57M 
-11.6330 1.0492 10 	F19G_F85Y_Y150L_W57T 
-13.7810 1.4946 10 	F19G_W57A 
-12.4810 1.7921 10 	F19G_W57A_F85K 
-10.7240 1.4438 10 	F19G_W57A_Y150D_F85G 
-13.5590 0.5725 10 	F19G_W57C 
-12.4290 1.5822 10 	F19G_W57D 
-12.0240 1.9595 10 	F19G_W57E 
-10.0540 1.4700 10 	F19G_W57E_Y150D 
-11.4620 0.1730 10 	F19G_W57F_Y150S_F85P 
-13.1380 1.7073 10 	F19G_W57G 
-11.1840 1.5039 10 	F19G_W57G_Y150A_F85Q 
-13.9010 0.6395 10 	F19G_W57H 
-11.7840 0.6902 10 	F19G_W57I_Y150K 
-13.2710 1.0320 10 	F19G_W57K 
-10.7440 0.9863 10 	F19G_W57K_Y150T 
-11.1490 0.7997 10 	F19G_W57L_Y150K 
-12.2600 1.2978 10 	F19G_W57L_Y150L_F85Y 
-12.5300 1.1926 10 	F19G_W57M 
-12.1540 0.6176 10 	F19G_W57M_F85E_Y150M 
-12.7230 1.3393 10 	F19G_W57P_Y150H_F85N 
-12.6330 1.3664 10 	F19G_W57P_Y150I_F85K 
-11.7550 0.7461 10 	F19G_W57P_Y150K_F85N 
-11.8340 1.7802 10 	F19G_W57Q 
-13.9180 1.0899 10 	F19G_W57Q_F85I 
-13.3650 0.6662 10 	F19G_W57Q_Y150H_F85Q 
-12.2500 1.2159 10 	F19G_W57R 
-11.5030 0.8048 10 	F19G_W57R_F85C_Y150N 
-13.0420 1.4761 10 	F19G_W57S 
-10.8990 0.8380 10 	F19G_W57S_Y150T 
-13.7450 1.0428 10 	F19G_W57T_F85W 
-10.9140 0.7868 10 	F19G_W57T_Y150K 
-11.1590 0.9457 10 	F19G_W57V_F85L_Y150N 
-12.6100 0.5762 10 	F19G_W57Y_F85S_Y150R 
-11.2740 0.1238 10 	F19G_Y150A 
-10.4600 1.6307 10 	F19G_Y150A_F85Q_W57E 
-11.4560 0.1139 10 	F19G_Y150C 
-11.5210 0.2625 10 	F19G_Y150C_F85E 
-11.6160 0.6035 10 	F19G_Y150C_F85Y_W57L 
-11.1260 0.8855 10 	F19G_Y150C_W57N_F85L 
-10.7370 1.2453 10 	F19G_Y150D 
-11.0370 1.6503 10 	F19G_Y150E_W57G_F85K 
-10.7610 1.7940 10 	F19G_Y150E_W57I_F85K 
-10.9540 0.9369 10 	F19G_Y150E_W57P_F85S 
-13.5570 0.4464 10 	F19G_Y150F 
-11.4220 0.3287 10 	F19G_Y150G_F85H 
-11.2470 0.2662 10 	F19G_Y150G_F85W 
-13.0540 0.2236 10 	F19G_Y150H 
-13.0600 0.3441 10 	F19G_Y150H_F85E 
-12.6670 0.5521 10 	F19G_Y150H_W57I 
-12.6690 1.9516 10 	F19G_Y150H_W57V 
-12.8100 0.1704 10 	F19G_Y150I 
-13.1390 0.2704 10 	F19G_Y150I_F85Q_W57N 
-12.0810 1.2660 10 	F19G_Y150I_W57R 
-10.6920 2.1279 10 	F19G_Y150K_W57E 
-11.8010 1.1288 10 	F19G_Y150K_W57L_F85M 
-12.5950 0.3056 10 	F19G_Y150L_F85P 
-11.9730 0.7115 10 	F19G_Y150L_W57N 
-11.7710 0.8772 10 	F19G_Y150L_W57N_F85H 
-11.0370 0.8838 10 	F19G_Y150N 
-11.0910 0.7174 10 	F19G_Y150N_F85R_W57R 
-11.4240 0.2579 10 	F19G_Y150N_F85S 
-11.1850 0.9608 10 	F19G_Y150N_W57H_F85Y 
-11.4030 1.0915 10 	F19G_Y150P_F85I_W57M 
-10.5340 2.4737 10 	F19G_Y150P_W57D_F85N 
-11.8070 0.1465 10 	F19G_Y150Q 
-11.7560 0.2767 10 	F19G_Y150R 
-11.7750 0.2221 10 	F19G_Y150R_F85G 
-12.0080 0.7766 10 	F19G_Y150R_W57H 
-11.1490 0.2678 10 	F19G_Y150S 
-11.3540 0.4697 10 	F19G_Y150S_W57L_F85Q 
-10.6450 0.9412 10 	F19G_Y150S_W57N 
-10.3560 0.8959 10 	F19G_Y150S_W57R 
-11.8270 0.2651 10 	F19G_Y150T 
-11.9070 0.2399 10 	F19G_Y150T_F85R 
-11.6130 0.7477 10 	F19G_Y150T_W57H_F85H 
-11.8940 0.1763 10 	F19G_Y150V 
-11.7920 0.4930 10 	F19G_Y150V_F85T 
-11.1390 1.4082 10 	F19G_Y150V_F85W_W57L 
-13.1670 1.6962 10 	F19G_Y150W_W57H 
-13.8610 0.1431 10 	F19H_F85A 
-13.2780 1.6690 10 	F19H_F85A_W57S 
-12.5120 0.2956 10 	F19H_F85A_Y150V 
-13.9880 0.2175 10 	F19H_F85D 
-12.6270 0.2910 10 	F19H_F85D_W57F_Y150T 
-12.6880 0.6468 10 	F19H_F85D_W57N_Y150L 
-11.0650 1.8713 10 	F19H_F85E_W57Q_Y150S 
-11.0450 1.1358 10 	F19H_F85G_Y150Q_W57C 
-14.1690 0.1904 10 	F19H_F85I 
-13.6960 0.3250 10 	F19H_F85K 
-12.3320 0.7513 10 	F19H_F85K_W57Y_Y150R 
-14.0360 0.3133 10 	F19H_F85L 
-13.2360 1.1455 10 	F19H_F85L_W57M 
-13.2320 0.8947 10 	F19H_F85L_W57M_Y150F 
-12.3570 0.9751 10 	F19H_F85L_Y150I_W57M 
-13.9410 0.2795 10 	F19H_F85M 
-10.8750 1.7490 10 	F19H_F85M_W57I_Y150V 
-10.8730 2.0546 10 	F19H_F85M_Y150H_W57D 
-12.5550 0.1767 10 	F19H_F85M_Y150K 
-13.9170 0.1746 10 	F19H_F85P 
-10.8190 1.0226 10 	F19H_F85Q_W57K_Y150V 
-10.8040 1.3023 10 	F19H_F85Q_W57M_Y150T 
-14.5570 0.3281 10 	F19H_F85Q_W57Y_Y150F 
-12.1770 1.1421 10 	F19H_F85Q_Y150L_W57T 
-11.7690 1.3479 10 	F19H_F85R_W57A_Y150Q 
-10.1330 1.2997 10 	F19H_F85R_W57Q_Y150V 
-13.9770 0.3719 10 	F19H_F85S 
-12.7590 0.2453 10 	F19H_F85S_W57F_Y150T 
-13.8530 0.2401 10 	F19H_F85T 
-13.0210 0.9869 10 	F19H_F85T_Y150H_W57S 
-12.3620 0.2209 10 	F19H_F85T_Y150Q 
-11.9820 0.4945 10 	F19H_F85T_Y150R_W57T 
-11.2970 1.0906 10 	F19H_F85T_Y150S_W57P 
-12.5260 0.3453 10 	F19H_F85V_Y150P 
-12.7270 0.4629 10 	F19H_F85W 
-11.4640 0.8606 10 	F19H_F85W_W57T_Y150E 
-13.3730 0.8295 10 	F19H_F85Y 
-10.6650 0.9072 10 	F19H_F85Y_Y150D_W57V 
-10.2690 1.5054 10 	F19H_W57C_F85I_Y150D 
-13.7010 0.4271 10 	F19H_W57C_F85S 
-11.1860 1.0328 10 	F19H_W57D_Y150K_F85K 
-13.0240 1.5707 10 	F19H_W57E 
-13.3800 1.2330 10 	F19H_W57E_F85C 
-13.1030 1.6885 10 	F19H_W57E_F85L 
-11.9590 0.9847 10 	F19H_W57E_Y150P 
-14.4560 0.3235 10 	F19H_W57F 
-13.9320 0.2243 10 	F19H_W57F_Y150H 
-13.5630 1.4802 10 	F19H_W57G_F85S 
-11.9780 0.1406 10 	F19H_W57H_F85L_Y150A 
-14.2220 0.4278 10 	F19H_W57H_F85Q 
-13.5580 1.2380 10 	F19H_W57I 
-13.9620 0.4979 10 	F19H_W57I_F85D 
-12.8600 2.1387 10 	F19H_W57I_Y150W 
-12.2290 1.8454 10 	F19H_W57K 
-13.9390 0.6344 10 	F19H_W57K_F85I 
-13.2350 1.0521 10 	F19H_W57K_F85L 
-12.9830 1.3370 10 	F19H_W57K_F85S 
-14.1000 0.7669 10 	F19H_W57L_F85A 
-12.7220 0.8832 10 	F19H_W57M 
-11.3060 0.8202 10 	F19H_W57M_Y150N_F85V 
-13.3860 1.2777 10 	F19H_W57N 
-11.2140 1.0678 10 	F19H_W57N_F85D_Y150C 
-13.5580 1.3779 10 	F19H_W57P_F85P 
-11.5510 1.7653 10 	F19H_W57P_Y150C_F85G 
-13.0360 1.8875 10 	F19H_W57P_Y150F_F85T 
-12.8420 1.5601 10 	F19H_W57Q 
-11.3450 1.6497 10 	F19H_W57Q_F85S_Y150K 
-11.5440 1.0001 10 	F19H_W57R_F85A_Y150T 
-13.2610 1.5999 10 	F19H_W57S 
-10.4840 1.7825 10 	F19H_W57T_Y150V_F85D 
-13.0040 1.3915 10 	F19H_W57V_F85Y 
-14.4860 0.4021 10 	F19H_W57Y 
-12.4560 0.9095 10 	F19H_W57Y_Y150R_F85D 
-11.7740 0.2396 10 	F19H_Y150A_F85E 
-11.4620 0.4356 10 	F19H_Y150A_W57M_F85D 
-11.0910 1.0404 10 	F19H_Y150A_W57N_F85S 
-11.9950 0.1792 10 	F19H_Y150C_F85M 
-11.7440 0.4508 10 	F19H_Y150C_F85N_W57Q 
-11.6160 0.2090 10 	F19H_Y150C_F85Q 
-14.0280 0.2842 10 	F19H_Y150F 
-13.0620 1.7746 10 	F19H_Y150F_W57C_F85M 
-11.5320 0.2851 10 	F19H_Y150G 
-10.8820 0.8386 10 	F19H_Y150G_W57A_F85V 
-10.8730 0.9472 10 	F19H_Y150G_W57E_F85W 
-13.3750 0.2076 10 	F19H_Y150H 
-12.7270 0.9219 10 	F19H_Y150H_F85S_W57M 
-13.7020 0.8698 10 	F19H_Y150H_W57A_F85R 
-12.5300 1.0619 10 	F19H_Y150H_W57I 
-13.3600 0.3841 10 	F19H_Y150I 
-12.9320 1.1333 10 	F19H_Y150I_F85P_W57S 
-12.7330 0.2255 10 	F19H_Y150K 
-11.9890 0.8040 10 	F19H_Y150K_F85C_W57V 
-12.5780 0.3012 10 	F19H_Y150K_F85Y 
-12.9300 0.1650 10 	F19H_Y150L 
-12.6910 0.4801 10 	F19H_Y150L_F85Y 
-12.7290 0.2460 10 	F19H_Y150L_W57C_F85C 
-12.9910 0.2714 10 	F19H_Y150M 
-12.8380 0.2560 10 	F19H_Y150M_F85I 
-12.4720 1.2228 10 	F19H_Y150M_W57G_F85V 
-12.4680 1.0371 10 	F19H_Y150M_W57N_F85C 
-11.9000 0.4746 10 	F19H_Y150N 
-11.8330 0.5964 10 	F19H_Y150N_F85G 
-11.8090 1.0758 10 	F19H_Y150N_W57S_F85G 
-12.6040 0.2255 10 	F19H_Y150P_F85L 
-12.5500 0.2681 10 	F19H_Y150Q 
-11.1670 0.8090 10 	F19H_Y150Q_F85R_W57M 
-10.4140 2.1115 10 	F19H_Y150Q_W57E 
-12.6760 0.4360 10 	F19H_Y150Q_W57Y_F85V 
-12.3240 0.2145 10 	F19H_Y150R 
-11.3810 1.2818 10 	F19H_Y150R_F85A_W57S 
-11.2190 1.0593 10 	F19H_Y150R_W57K 
-11.5940 0.1949 10 	F19H_Y150S 
-11.5690 0.3474 10 	F19H_Y150S_F85H_W57H 
-10.8090 1.0546 10 	F19H_Y150S_W57D_F85T 
-10.7880 1.0523 10 	F19H_Y150S_W57T_F85V 
-12.5140 0.2803 10 	F19H_Y150T 
-12.2320 0.3646 10 	F19H_Y150V 
-10.8800 1.4010 10 	F19H_Y150V_W57N 
-12.1060 1.6480 10 	F19H_Y150W_F85L_W57P 
-12.5940 1.9272 10 	F19H_Y150W_F85P_W57P 
-14.0620 0.3054 10 	F19H_Y150W_F85R 
-14.3940 0.2768 10 	F19I 
-13.7630 0.2294 10 	F19I_F85A 
-11.8340 1.3519 10 	F19I_F85A_W57E_Y150K 
-14.7970 0.5617 10 	F19I_F85A_W57F 
-12.5380 0.3964 10 	F19I_F85C_Y150K 
-12.4730 0.2179 10 	F19I_F85C_Y150V 
-14.8610 0.4070 10 	F19I_F85D_W57F 
-13.3550 0.8727 10 	F19I_F85E_Y150I_W57V 
-12.6270 0.4295 10 	F19I_F85E_Y150K 
-12.8000 0.2346 10 	F19I_F85E_Y150P 
-11.9670 0.6407 10 	F19I_F85E_Y150S_W57Y 
-11.7030 1.1497 10 	F19I_F85G_Y150G_W57V 
-13.2790 1.6976 10 	F19I_F85H_W57S 
-13.4230 2.8183 10 	F19I_F85H_Y150F_W57V 
-11.8770 0.6982 10 	F19I_F85H_Y150N_W57L 
-12.6920 0.1607 10 	F19I_F85H_Y150R 
-14.5440 0.2235 10 	F19I_F85I 
-10.3110 1.9229 10 	F19I_F85I_Y150V_W57G 
-14.5760 0.5518 10 	F19I_F85L_W57Y 
-13.6180 0.3633 10 	F19I_F85L_Y150H 
-13.9230 0.3715 10 	F19I_F85M 
-12.7180 0.1536 10 	F19I_F85N_Y150P 
-14.4770 0.1923 10 	F19I_F85P 
-13.9460 0.3327 10 	F19I_F85P_W57H_Y150H 
-10.9830 1.8006 10 	F19I_F85P_Y150P_W57V 
-12.8960 0.2288 10 	F19I_F85P_Y150V 
-13.9290 0.3571 10 	F19I_F85Q 
-12.4520 0.3528 10 	F19I_F85Q_Y150E 
-13.3340 0.5489 10 	F19I_F85R_W57C 
-10.8890 1.1232 10 	F19I_F85R_W57T_Y150Q 
-11.3750 0.2963 10 	F19I_F85R_Y150A 
-13.0310 0.5941 10 	F19I_F85R_Y150H 
-10.7780 1.2812 10 	F19I_F85R_Y150R_W57T 
-10.9340 0.8845 10 	F19I_F85R_Y150S 
-12.9140 0.3679 10 	F19I_F85S_Y150P 
-13.8530 0.4189 10 	F19I_F85T_W57I 
-11.8610 0.9703 10 	F19I_F85T_Y150C_W57E 
-14.5260 0.2929 10 	F19I_F85V 
-13.0490 0.3364 10 	F19I_F85W 
-13.1010 1.2132 10 	F19I_F85W_W57S 
-11.2690 0.4231 10 	F19I_F85W_Y150N_W57H 
-14.0930 0.3964 10 	F19I_F85Y 
-12.9780 1.9801 10 	F19I_F85Y_W57S 
-13.3830 2.0012 10 	F19I_W57A 
-12.1720 2.3057 10 	F19I_W57C 
-11.2460 1.4340 10 	F19I_W57C_F85C_Y150C 
-13.1660 2.0163 10 	F19I_W57C_F85V 
-13.6840 1.2110 10 	F19I_W57C_Y150F_F85M 
-12.8150 2.2935 10 	F19I_W57D 
-13.1360 0.4074 10 	F19I_W57E_F85W 
-10.7840 1.9151 10 	F19I_W57E_Y150V_F85A 
-12.6420 0.2946 10 	F19I_W57F_Y150G 
-12.9060 0.5000 10 	F19I_W57F_Y150R 
-11.7100 1.1334 10 	F19I_W57H_F85D_Y150N 
-13.9870 0.9094 10 	F19I_W57I_F85A 
-12.0300 0.8264 10 	F19I_W57I_F85A_Y150N 
-13.3120 2.3986 10 	F19I_W57I_Y150F_F85S 
-13.1690 1.8293 10 	F19I_W57K 
-11.2710 0.8071 10 	F19I_W57K_F85A_Y150N 
-13.7460 0.2783 10 	F19I_W57K_F85E 
-13.1480 1.2425 10 	F19I_W57K_F85Y_Y150F 
-10.9460 0.9900 10 	F19I_W57K_Y150V_F85H 
-13.8380 0.7145 10 	F19I_W57L_Y150F 
-11.8680 2.3215 10 	F19I_W57L_Y150T_F85D 
-13.1280 1.6028 10 	F19I_W57M 
-13.7080 0.5002 10 	F19I_W57M_F85L 
-13.5760 0.7084 10 	F19I_W57M_F85Q 
-11.5450 1.1675 10 	F19I_W57N_Y150Q_F85C 
-11.6530 1.3529 10 	F19I_W57P_Y150T 
-13.9250 0.7892 10 	F19I_W57Q_F85D 
-11.1190 1.1810 10 	F19I_W57Q_Y150G 
-12.6150 2.0675 10 	F19I_W57Q_Y150I 
-11.8140 0.6542 10 	F19I_W57Q_Y150M_F85W 
-13.1640 0.9771 10 	F19I_W57R 
-11.6230 0.8229 10 	F19I_W57R_Y150Q_F85Q 
-12.9080 1.7609 10 	F19I_W57S 
-10.1220 1.7232 10 	F19I_W57S_Y150V_F85H 
-14.0900 0.6509 10 	F19I_W57T_F85P 
-11.0450 0.8978 10 	F19I_W57T_Y150K_F85W 
-12.5400 2.0662 10 	F19I_W57V_F85G 
-13.8100 0.9264 10 	F19I_W57V_F85I 
-12.8290 1.0046 10 	F19I_W57V_F85W 
-14.7900 0.3996 10 	F19I_W57Y 
-12.1870 0.5307 10 	F19I_W57Y_F85T_Y150N 
-13.9740 0.2453 10 	F19I_W57Y_Y150I_F85N 
-12.1240 0.3829 10 	F19I_Y150A_W57F_F85K 
-12.2120 0.7257 10 	F19I_Y150A_W57F_F85N 
-11.5740 0.6663 10 	F19I_Y150A_W57L_F85L 
-11.3790 1.1711 10 	F19I_Y150A_W57S 
-11.4730 1.1188 10 	F19I_Y150C_F85H_W57E 
-11.1810 0.8258 10 	F19I_Y150D_F85C_W57R 
-10.7910 0.8213 10 	F19I_Y150D_W57Q_F85R 
-11.2280 0.6060 10 	F19I_Y150E_F85W_W57R 
-12.9870 0.2454 10 	F19I_Y150E_W57F_F85Y 
-14.3650 0.3607 10 	F19I_Y150F 
-13.3740 1.7322 10 	F19I_Y150F_W57S 
-13.4230 2.8183 10 	F19I_Y150F_W57V_F85H 
-12.0430 0.3672 10 	F19I_Y150G 
-12.2530 0.3510 10 	F19I_Y150G_F85K_W57F 
-11.8120 0.3140 10 	F19I_Y150G_F85T 
-13.7590 1.1029 10 	F19I_Y150I_F85H 
-12.1510 0.9870 10 	F19I_Y150K_W57N 
-13.1960 1.0107 10 	F19I_Y150L 
-12.2060 0.8350 10 	F19I_Y150L_F85K_W57V 
-13.2450 0.8201 10 	F19I_Y150L_W57A 
-13.4260 0.3039 10 	F19I_Y150M 
-11.3020 1.4120 10 	F19I_Y150M_F85R_W57D 
-12.5190 0.2605 10 	F19I_Y150N 
-11.9470 0.1495 10 	F19I_Y150N_F85N 
-11.2130 1.2946 10 	F19I_Y150N_W57N 
-12.9680 0.5773 10 	F19I_Y150P 
-12.8600 0.5037 10 	F19I_Y150Q 
-12.4340 0.2480 10 	F19I_Y150Q_F85D 
-11.2150 0.9619 10 	F19I_Y150Q_W57P 
-12.1280 0.2370 10 	F19I_Y150S 
-11.6120 1.2594 10 	F19I_Y150S_F85D_W57Y 
-11.1840 0.8328 10 	F19I_Y150S_F85R_W57H 
-12.8350 0.3812 10 	F19I_Y150T 
-11.8650 1.4922 10 	F19I_Y150T_W57K 
-11.1790 1.7433 10 	F19I_Y150V_F85D_W57G 
-13.0960 0.3162 10 	F19I_Y150V_W57F 
-12.8380 0.3480 10 	F19I_Y150V_W57H 
-15.2770 0.2939 10 	F19I_Y150W 
-13.1720 1.9356 10 	F19I_Y150W_W57D 
-13.5710 0.4366 10 	F19K 
-11.7080 0.1870 10 	F19K_F85A_Y150A 
-12.6700 1.9106 10 	F19K_F85C_W57C 
-13.2640 0.2704 10 	F19K_F85D 
-12.4860 2.6822 10 	F19K_F85D_Y150F_W57V 
-11.9200 0.4193 10 	F19K_F85D_Y150K_W57Y 
-10.9950 1.1031 10 	F19K_F85E_W57E_Y150T 
-13.3520 0.2920 10 	F19K_F85E_W57I 
-12.8300 1.1443 10 	F19K_F85E_W57L_Y150W 
-13.4220 0.4444 10 	F19K_F85E_W57T 
-10.7360 1.0416 10 	F19K_F85E_Y150E_W57K 
-13.6620 0.3904 10 	F19K_F85G 
-13.8880 0.4039 10 	F19K_F85G_W57F_Y150I 
-13.4080 0.2816 10 	F19K_F85G_Y150I 
-12.4980 0.6747 10 	F19K_F85G_Y150I_W57N 
-13.9550 0.2076 10 	F19K_F85I 
-12.7730 1.3461 10 	F19K_F85I_W57K 
-12.9130 1.4418 10 	F19K_F85K_W57N_Y150W 
-13.3470 1.6830 10 	F19K_F85K_Y150F_W57A 
-12.5050 1.3944 10 	F19K_F85L_W57V 
-11.4570 0.4224 10 	F19K_F85L_Y150D 
-12.9860 0.6347 10 	F19K_F85N 
-11.5660 0.2620 10 	F19K_F85N_Y150G 
-13.6960 0.5169 10 	F19K_F85P 
-12.3030 0.2773 10 	F19K_F85Q_Y150T 
-12.6530 1.1179 10 	F19K_F85S_W57I_Y150H 
-11.3010 0.9978 10 	F19K_F85V_Y150C_W57H 
-10.2330 1.3694 10 	F19K_F85V_Y150S_W57K 
-12.5450 0.2473 10 	F19K_F85V_Y150T 
-12.8300 0.2808 10 	F19K_F85W 
-11.8230 0.4991 10 	F19K_F85W_W57Y_Y150N 
-13.4400 0.3834 10 	F19K_F85Y 
-14.3560 1.3431 10 	F19K_W57A 
-12.7510 1.6977 10 	F19K_W57D 
-12.2330 1.3976 10 	F19K_W57D_F85W 
-13.1450 0.9582 10 	F19K_W57E 
-12.7880 1.1757 10 	F19K_W57E_F85C 
-10.6330 1.1053 10 	F19K_W57E_F85K_Y150G 
-9.1310 2.2829 10 	F19K_W57E_Y150D 
-10.6020 1.6006 10 	F19K_W57E_Y150P 
-10.7630 0.6861 10 	F19K_W57E_Y150S_F85K 
-14.0880 0.5148 10 	F19K_W57F_F85H 
-13.8050 0.3348 10 	F19K_W57F_F85M 
-13.5530 0.2863 10 	F19K_W57F_F85T_Y150L 
-13.1130 1.5847 10 	F19K_W57G_Y150H 
-11.7070 1.2470 10 	F19K_W57G_Y150K_F85I 
-13.5050 0.7717 10 	F19K_W57I 
-11.3810 0.8240 10 	F19K_W57I_F85I_Y150C 
-12.6120 1.1538 10 	F19K_W57K 
-13.6890 0.6954 10 	F19K_W57L 
-12.7510 0.8319 10 	F19K_W57L_F85G_Y150I 
-13.3410 0.6002 10 	F19K_W57L_F85Q 
-11.6130 0.5308 10 	F19K_W57L_Y150K_F85R 
-11.7000 0.7235 10 	F19K_W57L_Y150Q 
-10.2820 1.8118 10 	F19K_W57L_Y150V 
-12.3310 1.3927 10 	F19K_W57N 
-12.3730 1.5634 10 	F19K_W57N_F85Y 
-11.1340 1.3097 10 	F19K_W57N_Y150R_F85I 
-10.8830 1.6835 10 	F19K_W57P_F85L_Y150A 
-12.2570 2.3902 10 	F19K_W57P_Y150W_F85R 
-12.9680 1.2861 10 	F19K_W57Q_F85D 
-12.9150 1.1694 10 	F19K_W57R_F85K 
-13.1720 1.5386 10 	F19K_W57R_Y150W 
-12.2960 1.7672 10 	F19K_W57S 
-12.2760 1.4458 10 	F19K_W57S_F85D 
-11.4750 1.0697 10 	F19K_W57S_F85E_Y150M 
-11.5770 1.2342 10 	F19K_W57S_F85Y_Y150M 
-10.3460 1.0965 10 	F19K_W57S_Y150Q_F85P 
-12.5620 1.1424 10 	F19K_W57T 
-10.8560 0.9781 10 	F19K_W57T_F85P_Y150N 
-13.1530 1.4600 10 	F19K_W57T_F85Y 
-11.7040 0.7097 10 	F19K_W57Y_Y150G_F85N 
-11.3480 0.5499 10 	F19K_W57Y_Y150Q_F85W 
-11.7320 0.3437 10 	F19K_Y150C 
-11.4500 0.4396 10 	F19K_Y150D 
-10.0950 1.2635 10 	F19K_Y150D_W57D 
-14.0090 0.3349 10 	F19K_Y150F 
-12.4990 1.7749 10 	F19K_Y150F_W57C_F85R 
-14.0700 0.7618 10 	F19K_Y150F_W57C_F85T 
-11.9220 1.5040 10 	F19K_Y150G_W57G 
-11.6390 0.4875 10 	F19K_Y150G_W57Y 
-13.1520 0.3936 10 	F19K_Y150H 
-13.4980 0.4845 10 	F19K_Y150H_W57F 
-13.0450 1.1274 10 	F19K_Y150I 
-12.3720 0.3295 10 	F19K_Y150K 
-11.8730 1.3089 10 	F19K_Y150K_W57A_F85P 
-11.6790 0.8942 10 	F19K_Y150K_W57Y 
-12.7720 0.2540 10 	F19K_Y150L_F85A 
-11.6020 1.4953 10 	F19K_Y150L_W57T 
-12.7780 0.2977 10 	F19K_Y150M 
-12.1460 1.0665 10 	F19K_Y150M_W57N 
-11.8860 1.1640 10 	F19K_Y150M_W57Q 
-11.9040 0.3664 10 	F19K_Y150N 
-11.1940 1.4314 10 	F19K_Y150N_W57T 
-12.4600 0.4158 10 	F19K_Y150P 
-12.3420 0.5281 10 	F19K_Y150P_F85Y 
-12.2000 0.3884 10 	F19K_Y150Q 
-11.3300 0.5577 10 	F19K_Y150Q_F85E 
-10.7900 1.0519 10 	F19K_Y150Q_W57I_F85T 
-12.0320 0.2645 10 	F19K_Y150R_F85I 
-11.9990 0.2890 10 	F19K_Y150R_F85Q 
-12.2530 0.3825 10 	F19K_Y150R_W57H_F85E 
-11.4070 0.3214 10 	F19K_Y150S 
-10.4740 1.0847 10 	F19K_Y150S_W57N_F85H 
-10.6750 1.4371 10 	F19K_Y150T_F85R_W57V 
-10.9770 1.0472 10 	F19K_Y150T_W57A_F85N 
-11.3180 0.9572 10 	F19K_Y150T_W57C 
-9.8070 1.3893 10 	F19K_Y150T_W57K_F85Y 
-12.0000 0.2378 10 	F19K_Y150V 
-12.6460 1.7156 10 	F19K_Y150W_F85A_W57Y 
-13.1720 1.5386 10 	F19K_Y150W_W57R 
-13.8840 0.2454 10 	F19L_F85A 
-13.2730 0.9355 10 	F19L_F85A_W57I_Y150H 
-12.0970 1.0274 10 	F19L_F85A_Y150R_W57R 
-13.1000 1.6305 10 	F19L_F85C_W57R 
-12.9500 0.4734 10 	F19L_F85C_Y150E_W57Y 
-13.5920 0.2614 10 	F19L_F85D_Y150H 
-12.9740 2.5932 10 	F19L_F85E_W57C 
-11.8970 0.4946 10 	F19L_F85E_Y150E_W57N 
-13.9890 0.3250 10 	F19L_F85G 
-12.2850 0.2248 10 	F19L_F85G_Y150N 
-11.3330 1.2621 10 	F19L_F85G_Y150R_W57G 
-14.2630 0.3194 10 	F19L_F85H 
-12.2770 0.2734 10 	F19L_F85H_Y150S 
-14.4560 0.2062 10 	F19L_F85I 
-14.2100 1.1981 10 	F19L_F85I_W57C 
-13.0360 0.3188 10 	F19L_F85I_Y150Q 
-12.8670 0.2233 10 	F19L_F85I_Y150V 
-13.5080 1.1187 10 	F19L_F85K_W57T 
-11.3910 1.1565 10 	F19L_F85K_Y150G_W57P 
-11.1080 1.9065 10 	F19L_F85K_Y150P_W57C 
-13.6680 0.6524 10 	F19L_F85M 
-11.4680 2.1546 10 	F19L_F85M_W57E_Y150I 
-14.8030 0.2125 10 	F19L_F85M_Y150W 
-14.2720 0.3074 10 	F19L_F85P 
-14.0410 1.8193 10 	F19L_F85P_W57P 
-14.0660 0.5452 10 	F19L_F85Q 
-12.2250 1.1910 10 	F19L_F85Q_W57M_Y150L 
-13.8300 0.4089 10 	F19L_F85R 
-12.1810 1.8188 10 	F19L_F85R_W57I 
-10.5040 1.5220 10 	F19L_F85R_Y150S_W57S 
-14.3080 0.4479 10 	F19L_F85S 
-11.2750 1.1570 10 	F19L_F85S_Y150N_W57T 
-13.9830 0.4638 10 	F19L_F85T_W57V 
-14.4780 0.4402 10 	F19L_F85V 
-12.5160 0.9372 10 	F19L_F85V_Y150Q_W57A 
-10.2130 0.7475 10 	F19L_F85W_Y150S_W57K 
-14.1550 0.3069 10 	F19L_F85Y 
-13.7540 1.7667 10 	F19L_W57A 
-12.2730 1.5273 10 	F19L_W57A_Y150C 
-12.4130 2.0748 10 	F19L_W57C 
-11.1250 1.3890 10 	F19L_W57C_Y150S_F85I 
-13.3060 1.7628 10 	F19L_W57D 
-10.8730 1.0253 10 	F19L_W57D_F85T_Y150S 
-11.7220 1.4879 10 	F19L_W57D_Y150T 
-13.7740 1.2512 10 	F19L_W57E 
-11.1180 1.1426 10 	F19L_W57E_Y150G 
-12.3830 0.2802 10 	F19L_W57F_Y150S 
-11.5900 1.5028 10 	F19L_W57G_Y150K 
-11.3730 1.1817 10 	F19L_W57G_Y150R_F85R 
-10.7690 1.8343 10 	F19L_W57G_Y150V_F85I 
